8.099400 12.383000 2.679400
9.960000 13.988000 3.316000
11.097000 11.278000 3.195500
12.056000 14.823000 9.147500
12.093000 18.577000 10.722000
12.232000 12.431000 7.772400
12.500000 9.500000 3.450000
13.583000 14.777000 7.354200
13.822000 10.400000 3.223100
13.854000 12.546000 8.608800
14.343000 13.095000 5.167500
14.356000 8.550900 9.497600
14.560000 12.141000 7.252000
14.350000 13.100000 6.350000
14.600000 13.100000 5.300000
15.071000 15.836000 2.760400
15.493000 16.216000 20.840000
16.636000 16.119000 8.183800
19.589000 15.707000 5.011800
20.180000 15.317000 3.995100
20.300000 15.300000 3.800000
20.605000 14.369000 2.742100
20.923000 14.646000 3.045400
21.962000 11.182000 2.015600
22.102000 11.739000 2.427800
22.196000 12.849000 2.584000
