14.450000 8.600000 10.100000
15.189000 8.398100 9.972900
12.421000 9.090200 3.219600
14.398000 8.660100 8.940900
13.500000 9.374900 9.718700
11.839000 9.296000 7.108600
12.188000 9.607700 3.628500
14.209000 9.080900 10.229000
12.188000 9.607700 3.628500
5.559800 10.308000 2.246300
11.474000 9.384900 6.950000
4.570000 10.066000 2.107500
4.083200 9.905300 2.082700
11.651000 9.845700 6.277500
4.700100 10.187000 2.130600
14.772000 10.260000 3.382300
5.600000 10.700000 2.500000
4.919500 10.883000 2.852100
14.600000 10.400000 3.350000
13.572000 10.671000 3.445500
10.950000 11.550000 6.900000
22.037000 10.913000 1.886800
11.000000 11.000000 5.550000
22.063000 11.458000 2.290900
16.094000 11.837000 7.190800
10.950000 11.550000 6.900000
16.800000 11.863000 7.293100
7.884800 11.871000 2.393100
15.141000 12.047000 7.319500
11.526000 12.179000 9.885200
11.008000 11.674000 6.314300
11.519000 12.215000 8.476900
11.521000 12.090000 7.614800
11.000000 11.700000 7.050000
14.971000 12.035000 5.909300
14.641000 12.654000 5.704100
9.739800 12.341000 3.305300
8.020500 12.395000 2.664300
14.700000 13.050000 5.500000
11.350000 13.100000 11.250000
19.063000 13.178000 9.238500
15.938000 13.566000 10.212000
14.028000 13.335000 6.257200
18.133000 13.247000 9.279000
15.442000 13.785000 10.545000
16.387000 13.988000 9.689100
15.559000 14.013000 9.321200
18.495000 14.612000 6.012200
12.259000 14.744000 9.499400
11.250000 15.150000 9.450000
13.786000 14.820000 7.592300
11.746000 14.938000 11.823000
19.686000 15.522000 4.924400
11.791000 15.385000 11.914000
20.907000 15.092000 3.455600
11.366000 15.471000 10.131000
14.950000 15.800000 18.250000
11.500000 15.400000 10.100000
16.591000 15.554000 9.183400
15.800000 15.700000 22.100000
11.767000 15.734000 12.425000
16.756000 16.008000 7.992800
19.589000 15.707000 5.011800
12.489000 15.864000 7.172900
14.605000 16.061000 17.537000
10.132000 15.943000 8.257800
14.566000 16.268000 17.262000
16.938000 16.205000 7.689200
14.457000 16.487000 17.017000
14.450000 16.250000 17.350000
13.682000 16.903000 10.166000
14.116000 16.545000 8.980000
10.339000 16.758000 3.761200
10.349000 16.950000 3.819600
13.812000 17.141000 16.002000
17.468000 16.385000 7.357300
11.950000 16.700000 13.100000
16.031000 16.995000 8.917400
12.501000 17.379000 11.766000
12.108000 18.180000 8.581900
11.799000 17.831000 8.994900
10.233000 17.956000 4.486900
12.650000 17.700000 11.400000
10.400000 17.750000 4.050000
10.415000 18.193000 4.797200
12.437000 18.468000 8.450600
13.449000 18.801000 8.537000
11.907000 18.645000 10.565000
12.507000 18.556000 8.450000
13.405000 18.834000 8.525800
15.588000 19.317000 8.360000
15.962000 19.968000 8.564000
15.994000 20.893000 9.206800
15.829000 21.351000 9.013700
