4.083200 9.905300 2.082700
4.695300 10.300000 2.196300
5.559800 10.308000 2.246300
6.520800 10.116000 2.306400
7.965200 12.343000 2.664500
9.406200 17.289000 3.800100
9.530900 15.713000 8.247200
10.405000 15.666000 3.705700
10.400000 17.750000 4.150000
10.527000 18.346000 4.892200
10.955000 11.564000 6.945400
11.037000 15.578000 9.205100
11.080000 11.522000 3.918700
10.339000 16.758000 3.761200
11.400000 9.750000 6.600000
11.430000 15.788000 10.899000
11.567000 14.473000 11.627000
12.089000 10.120000 3.942900
11.884000 17.093000 12.326000
11.548000 9.548300 6.549300
12.167000 9.756900 3.774100
12.422000 18.217000 11.186000
12.950000 19.000000 8.500000
13.650000 8.200000 8.550000
13.350000 12.602000 2.470400
13.622000 13.672000 6.423300
13.579000 14.884000 8.761300
14.072000 16.991000 16.314000
13.643000 10.711000 3.451800
14.250000 16.950000 9.700000
14.211000 15.435000 2.166800
14.150000 12.900000 2.600000
14.256000 10.488000 3.387300
14.239000 13.616000 2.876400
14.716000 10.304000 3.393200
14.780000 18.999000 7.981800
15.000000 16.300000 19.050000
14.924000 15.789000 2.595700
14.875000 8.451000 9.806500
15.150000 18.850000 7.000000
14.748000 12.857000 5.660200
15.550000 11.741000 7.357300
15.200000 16.450000 19.600000
15.643000 20.486000 8.627800
15.198000 18.961000 7.399100
15.772000 21.944000 8.887900
15.706000 14.005000 9.284400
15.436000 16.718000 19.873000
15.700000 20.650000 8.650000
14.950000 15.800000 18.250000
15.889000 22.235000 8.718400
15.843000 16.118000 23.124000
16.337000 16.424000 8.645700
16.400000 13.400000 9.950000
16.900000 12.084000 7.031100
17.150000 12.044000 7.301300
17.817000 16.295000 6.791800
17.468000 16.385000 7.357300
18.575000 14.398000 5.837900
18.895000 13.256000 9.185000
19.171000 16.032000 5.452600
19.494000 15.830000 5.136300
20.050000 15.300000 4.650000
20.884000 14.096000 3.132000
22.099000 11.650000 2.401500
