 -45.3    -45.3    -45.3    -45      -45      -45.2    -45.3    -45      -45.3    -45.2    -45      -45.2    -45.2    -45      -45      -45.3    -44.9    -45      -45      -45      -45      -45      -45      -45      -45      -45     
 -45.3    -45.3    -45.3    -45      -45      -45.2    -45.3    -45      -45.3    -45.2    -45      -45.2    -45.2    -45      -45      -45.3    -44.9    -45      -45      -45      -45      -45      -45      -45      -45      -45     
 -45.3    -45.3    -45.3    -45      -45      -45.3    -45.3    -45      -45.3    -45.3    -45      -45.2    -45.3    -45      -45      -45.3    -44.9    -45.1    -45.1    -45.1    -45.1    -45.1    -45.1    -45.1    -45.1    -45.1   
 -45.3    -45.3    -45.2    -45.2    -45.1    -45.2    -45.2    -45.1    -45.2    -45.2    -45.1    -45.2    -45.2    -45.1    -45.1    -45.3    -45      -45.2    -45.2    -45.2    -45.2    -45.2    -45.2    -45.2    -45.2    -45.2   
 -45.3    -45.3    -45.3    -45.2    -45.2    -45.3    -45.3    -45.2    -45.3    -45.3    -45.2    -45.3    -45.3    -45.2    -45.2    -45.3    -45.1    -45.2    -45.2    -45.2    -45.2    -45.2    -45.2    -45.2    -45.2    -45.2   
 -45.3    -45.3    -45.3    -45.1    -45.1    -45.3    -45.3    -45.1    -45.3    -45.3    -45.1    -45.2    -45.3    -45.1    -45.1    -45.3    -45      -45.1    -45.1    -45.1    -45.1    -45.1    -45.1    -45.1    -45.1    -45.1   
 -45.3    -45.3    -45.3    -45      -45      -45.3    -45.3    -45      -45.3    -45.3    -45      -45.2    -45.3    -45      -45      -45.3    -44.9    -45      -45      -45      -45      -45      -45      -45      -45      -45     
 -45.3    -45.3    -45.2    -45.1    -45.1    -45.2    -45.2    -45.2    -45.3    -45.2    -45.2    -45.2    -45.2    -45.2    -45.2    -45.3    -45      -45.2    -45.2    -45.2    -45.2    -45.2    -45.2    -45.2    -45.2    -45.2   
 -45.2    -45.2    -45.3    -44.9    -44.9    -45.2    -45.2    -45      -45.3    -45.2    -45      -45.1    -45.2    -45      -45      -45.3    -44.8    -45      -45      -45      -45      -45      -45      -45      -45      -45     
 -45.3    -45.3    -45.3    -45      -45      -45.3    -45.3    -45      -45.3    -45.3    -45      -45.2    -45.3    -45      -45      -45.3    -44.9    -45      -45      -45      -45      -45      -45      -45      -45      -45     
 -45.2    -45.2    -45.2    -45.1    -45.1    -45.2    -45.2    -45.2    -45.2    -45.2    -45.2    -45.1    -45.2    -45.2    -45.2    -45.2    -45      -45.1    -45.1    -45.1    -45.1    -45.1    -45.1    -45.1    -45.1    -45.1   
 -45.1    -45.1    -45.1    -44.9    -44.9    -45.1    -45.1    -44.9    -45.1    -45.1    -44.9    -45.3    -45.1    -44.9    -44.9    -45.1    -44.8    -44.9    -45      -45      -45      -45      -45      -45      -45      -45     
 -45.3    -45.3    -45.3    -45      -45      -45.3    -45.3    -45      -45.3    -45.3    -45      -45.2    -45.3    -45      -45      -45.3    -44.9    -45      -45.1    -45.1    -45.1    -45.1    -45.1    -45.1    -45.1    -45.1   
 -45.2    -45.2    -45.2    -45.1    -45.1    -45.2    -45.2    -45.2    -45.2    -45.2    -45.2    -45.2    -45.2    -45.2    -45.2    -45.2    -45      -45.2    -45.2    -45.2    -45.2    -45.2    -45.2    -45.2    -45.2    -45.2   
 -45.2    -45.2    -45.2    -45.1    -45.1    -45.2    -45.2    -45.2    -45.2    -45.2    -45.2    -45.2    -45.2    -45.2    -45.2    -45.2    -45      -45.1    -45.2    -45.2    -45.2    -45.2    -45.2    -45.2    -45.2    -45.2   
 -45.2    -45.2    -45.1    -44.8    -44.8    -45.1    -45.1    -44.9    -45.1    -45.1    -44.9    -45      -45.1    -44.9    -44.9    -45.3    -44.8    -44.9    -44.9    -44.9    -44.9    -44.9    -44.9    -44.9    -44.9    -44.9   
 -45.3    -45.3    -45.3    -45.2    -45.2    -45.3    -45.3    -45.2    -45.3    -45.3    -45.2    -45.3    -45.3    -45.2    -45.2    -45.4    -45.2    -45.3    -45.3    -45.3    -45.3    -45.3    -45.3    -45.3    -45.3    -45.3   
 -45.3    -45.3    -45.3    -45.1    -45.2    -45.2    -45.3    -45.2    -45.3    -45.2    -45.2    -45.2    -45.2    -45.2    -45.2    -45.3    -45.1    -45.3    -45.3    -45.3    -45.3    -45.3    -45.3    -45.3    -45.3    -45.3   
 -45.2    -45.2    -45.2    -45.1    -45.1    -45.2    -45.2    -45.1    -45.2    -45.2    -45.1    -45.1    -45.2    -45.1    -45.1    -45.2    -45      -45.2    -45.2    -45.2    -45.2    -45.2    -45.2    -45.2    -45.2    -45.2   
 -45.2    -45.2    -45.2    -45.1    -45.1    -45.2    -45.2    -45.1    -45.2    -45.2    -45.1    -45.1    -45.2    -45.1    -45.1    -45.2    -45      -45.2    -45.2    -45.2    -45.2    -45.2    -45.2    -45.2    -45.2    -45.2   
 -45.2    -45.2    -45.2    -45.1    -45.1    -45.2    -45.2    -45.1    -45.2    -45.2    -45.1    -45.1    -45.2    -45.1    -45.1    -45.2    -45      -45.2    -45.2    -45.2    -45.2    -45.2    -45.2    -45.2    -45.2    -45.2   
 -45.2    -45.2    -45.2    -45      -45.1    -45.1    -45.2    -45.1    -45.2    -45.1    -45.1    -45.1    -45.1    -45.1    -45.1    -45.2    -44.9    -45.1    -45.2    -45.2    -45.2    -45.2    -45.2    -45.2    -45.2    -45.2   
 -45.2    -45.2    -45.2    -45      -45.1    -45.1    -45.2    -45.1    -45.2    -45.1    -45.1    -45.1    -45.1    -45.1    -45.1    -45.2    -44.9    -45.1    -45.2    -45.2    -45.2    -45.2    -45.2    -45.2    -45.2    -45.2   
 -45.1    -45.1    -45.1    -45      -45      -45.1    -45.1    -45.1    -45.1    -45.1    -45.1    -45.1    -45.1    -45.1    -45.1    -45.1    -44.9    -45.1    -45.2    -45.2    -45.2    -45.2    -45.2    -45.2    -45.2    -45.2   
 -45.1    -45.1    -45.1    -45      -45      -45.1    -45.1    -45.1    -45.1    -45.1    -45.1    -45.1    -45.1    -45.1    -45.1    -45.1    -44.9    -45.1    -45.2    -45.2    -45.2    -45.2    -45.2    -45.2    -45.2    -45.2   
 -45.1    -45.1    -45.1    -45      -45      -45.1    -45.1    -45.1    -45.1    -45.1    -45.1    -45.1    -45.1    -45.1    -45.1    -45.1    -44.9    -45.1    -45.2    -45.2    -45.2    -45.2    -45.2    -45.2    -45.2    -45.2   
 -45.1    -45.1    -45.1    -44.9    -44.9    -45.1    -45.1    -44.9    -45.1    -45.1    -44.9    -45.2    -45.1    -44.9    -44.9    -45.1    -44.8    -44.9    -45      -45      -45      -45      -45      -45      -45      -45     
 -45.1    -45.1    -45.1    -44.9    -44.9    -45.1    -45.1    -44.9    -45.1    -45.1    -44.9    -45.2    -45.1    -44.9    -44.9    -45.1    -44.8    -44.9    -45      -45      -45      -45      -45      -45      -45      -45     
 -45.3    -45.3    -45.3    -45      -45      -45.3    -45.3    -45      -45.3    -45.3    -45      -45.2    -45.3    -45      -45      -45.3    -44.9    -45      -45      -45      -45      -45      -45      -45      -45      -45     
 -45.1    -45.1    -45.1    -44.9    -44.9    -45.1    -45.1    -44.9    -45.1    -45.1    -44.9    -45.3    -45.1    -44.9    -44.9    -45.1    -44.8    -44.9    -45      -45      -45      -45      -45      -45      -45      -45     
 -45.2    -45.2    -45.2    -44.9    -44.9    -45.1    -45.2    -45      -45.2    -45.1    -45      -45.3    -45.1    -45      -45      -45.2    -44.9    -45      -45      -45      -45      -45      -45      -45      -45      -45     
 -45.3    -45.3    -45.3    -45      -45      -45.2    -45.3    -45      -45.3    -45.2    -45      -45.2    -45.2    -45      -45      -45.3    -44.9    -45      -45      -45      -45      -45      -45      -45      -45      -45     
 -45.3    -45.3    -45.3    -45      -45      -45.3    -45.3    -45      -45.3    -45.3    -45      -45.2    -45.3    -45      -45      -45.3    -44.9    -45      -45      -45      -45      -45      -45      -45      -45      -45     
 -45.1    -45.1    -45.1    -44.9    -44.9    -45.1    -45.1    -44.9    -45.1    -45.1    -44.9    -45.2    -45.1    -44.9    -44.9    -45.1    -44.8    -44.9    -45      -45      -45      -45      -45      -45      -45      -45     
 -45.3    -45.3    -45.3    -45      -45      -45.3    -45.3    -45      -45.3    -45.3    -45      -45.2    -45.3    -45      -45      -45.3    -44.9    -45      -45      -45      -45      -45      -45      -45      -45      -45     
 -45.3    -45.3    -45.2    -44.9    -44.9    -45.2    -45.2    -45      -45.2    -45.2    -45      -45.1    -45.2    -45      -45      -45.3    -44.9    -45      -45      -45      -45      -45      -45      -45      -45      -45     
 -45.3    -45.3    -45.3    -45      -45      -45.3    -45.3    -45      -45.3    -45.3    -45      -45.2    -45.3    -45      -45      -45.3    -44.9    -45      -45      -45      -45      -45      -45      -45      -45      -45     
 -45.3    -45.2    -45.2    -44.9    -44.9    -45.2    -45.2    -45      -45.2    -45.2    -45      -45.1    -45.2    -45      -45      -45.3    -44.8    -45      -45      -45      -45      -45      -45      -45      -45      -45     
 -45.3    -45.2    -45.2    -44.9    -44.9    -45.2    -45.2    -45      -45.2    -45.2    -45      -45.1    -45.2    -45      -45      -45.2    -44.8    -45      -45      -45      -45      -45      -45      -45      -45      -45     
 -45.3    -45.3    -45.3    -45      -45      -45.3    -45.3    -45      -45.3    -45.3    -45      -45.2    -45.3    -45      -45      -45.3    -44.9    -45      -45.1    -45.1    -45.1    -45.1    -45.1    -45.1    -45.1    -45.1   
 -45.3    -45.2    -45.2    -44.9    -44.9    -45.2    -45.2    -45      -45.2    -45.2    -45      -45.1    -45.2    -45      -45      -45.3    -44.8    -45      -45      -45      -45      -45      -45      -45      -45      -45     
 -45.2    -45.2    -45.2    -44.9    -44.9    -45.2    -45.2    -45      -45.3    -45.2    -45      -45.1    -45.2    -45      -45      -45.2    -44.8    -45      -45      -45      -45      -45      -45      -45      -45      -45     
 -45.3    -45.3    -45.2    -44.9    -44.9    -45.2    -45.2    -45      -45.2    -45.2    -45      -45.1    -45.2    -45      -45      -45.3    -44.9    -45      -45      -45      -45      -45      -45      -45      -45      -45     
 -45.3    -45.3    -45.2    -44.9    -44.9    -45.2    -45.2    -45      -45.2    -45.2    -45      -45.1    -45.2    -45      -45      -45.3    -44.8    -45      -45      -45      -45      -45      -45      -45      -45      -45     
 -45.2    -45.2    -45.2    -44.9    -44.9    -45.2    -45.2    -45      -45.3    -45.2    -45      -45.1    -45.2    -45      -45      -45.2    -44.8    -45      -45      -45      -45      -45      -45      -45      -45      -45     
 -45.2    -45.2    -45.3    -44.9    -44.9    -45.2    -45.2    -45      -45.3    -45.2    -45      -45.1    -45.2    -45      -45      -45.3    -44.9    -45      -45      -45      -45      -45      -45      -45      -45      -45     
 -45.4    -45.4    -45.3    -45.1    -45.1    -45.3    -45.3    -45.1    -45.3    -45.3    -45.1    -45.2    -45.3    -45.1    -45.1    -45.4    -45      -45.1    -45.1    -45.1    -45.1    -45.1    -45.1    -45.1    -45.1    -45.1   
 -45.1    -45.1    -45.1    -45      -45      -45.1    -45.1    -45.1    -45.1    -45.1    -45.1    -45.1    -45.1    -45.1    -45.1    -45.1    -44.9    -45.1    -45.2    -45.2    -45.2    -45.2    -45.2    -45.2    -45.2    -45.2   
 -45.4    -45.3    -45.3    -45.1    -45.1    -45.3    -45.3    -45.1    -45.3    -45.3    -45.1    -45.2    -45.3    -45.1    -45.1    -45.4    -45      -45.1    -45.1    -45.1    -45.1    -45.1    -45.1    -45.1    -45.1    -45.1   
 -45.1    -45.1    -45.1    -45      -45      -45.1    -45.1    -45.1    -45.1    -45.1    -45.1    -45.1    -45.1    -45.1    -45.1    -45.1    -44.9    -45.1    -45.2    -45.2    -45.2    -45.2    -45.2    -45.2    -45.2    -45.2   
 -45.3    -45.3    -45.3    -45      -45      -45.2    -45.3    -45      -45.3    -45.3    -45      -45.2    -45.3    -45      -45      -45.3    -44.9    -45      -45      -45      -45      -45      -45      -45      -45      -45     
 -45.4    -45.4    -45.3    -45.1    -45.1    -45.3    -45.3    -45.1    -45.3    -45.3    -45.1    -45.2    -45.3    -45.1    -45.1    -45.4    -45      -45.1    -45.1    -45.1    -45.1    -45.1    -45.1    -45.1    -45.1    -45.1   
 -45.3    -45.3    -45.3    -45      -45      -45.2    -45.2    -45      -45.3    -45.3    -45      -45.2    -45.3    -45      -45      -45.3    -44.9    -45      -45      -45      -45      -45      -45      -45      -45      -45     
 -45.3    -45.3    -45.3    -45      -45      -45.2    -45.3    -45      -45.3    -45.2    -45      -45.1    -45.2    -45      -45      -45.3    -44.9    -45      -45      -45      -45      -45      -45      -45      -45      -45     
 -45.3    -45.3    -45.3    -45      -45      -45.3    -45.3    -45      -45.3    -45.3    -45      -45.2    -45.3    -45      -45      -45.3    -44.9    -45      -45      -45      -45      -45      -45      -45      -45      -45     
 -45.4    -45.4    -45.3    -45.1    -45.1    -45.3    -45.3    -45.1    -45.4    -45.3    -45.1    -45.3    -45.3    -45.1    -45.1    -45.4    -45      -45.1    -45.1    -45.1    -45.1    -45.1    -45.1    -45.1    -45.1    -45.1   
 -45.4    -45.3    -45.3    -45.1    -45.1    -45.3    -45.3    -45.1    -45.3    -45.3    -45.1    -45.2    -45.3    -45.1    -45.1    -45.4    -45      -45.1    -45.1    -45.1    -45.1    -45.1    -45.1    -45.1    -45.1    -45.1   
 -45.4    -45.4    -45.3    -45.1    -45.1    -45.3    -45.3    -45.1    -45.3    -45.3    -45.1    -45.3    -45.3    -45.1    -45.1    -45.4    -45      -45.1    -45.1    -45.1    -45.1    -45.1    -45.1    -45.1    -45.1    -45.1   
 -45.4    -45.4    -45.3    -45.1    -45.1    -45.3    -45.3    -45.1    -45.3    -45.3    -45.1    -45.3    -45.3    -45.1    -45.1    -45.4    -45      -45.1    -45.1    -45.1    -45.1    -45.1    -45.1    -45.1    -45.1    -45.1   
 -45.4    -45.4    -45.3    -45.1    -45.1    -45.3    -45.3    -45.1    -45.3    -45.3    -45.1    -45.2    -45.3    -45.1    -45.1    -45.4    -45      -45.1    -45.1    -45.1    -45.1    -45.1    -45.1    -45.1    -45.1    -45.1   
 -45.2    -45.2    -45.2    -45      -45.1    -45.2    -45.2    -45.2    -45.2    -45.2    -45.2    -45.1    -45.2    -45.2    -45.2    -45.2    -45      -45.1    -45.1    -45.1    -45.1    -45.1    -45.1    -45.1    -45.1    -45.1   
 -45.2    -45.2    -45.2    -45.1    -45.1    -45.2    -45.2    -45.2    -45.2    -45.2    -45.2    -45.1    -45.2    -45.2    -45.2    -45.2    -45      -45.1    -45.1    -45.1    -45.1    -45.1    -45.1    -45.2    -45.2    -45.1   
 -45.3    -45.3    -45.3    -45      -45      -45.3    -45.3    -45      -45.3    -45.3    -45.1    -45.2    -45.3    -45.1    -45.1    -45.3    -44.9    -45.1    -45.1    -45.1    -45.1    -45.1    -45.1    -45.1    -45.1    -45.1   
 -45.3    -45.3    -45.3    -45      -45      -45.2    -45.3    -45      -45.3    -45.2    -45      -45.2    -45.2    -45      -45      -45.3    -44.9    -45      -45      -45      -45      -45      -45      -45      -45      -45     
 -45.2    -45.2    -45.2    -45.1    -45.1    -45.2    -45.2    -45.2    -45.2    -45.2    -45.2    -45.2    -45.2    -45.2    -45.2    -45.2    -45      -45.1    -45.2    -45.2    -45.2    -45.2    -45.2    -45.2    -45.2    -45.2   
 -45.4    -45.4    -45.4    -45.2    -45.2    -45.3    -45.3    -45.2    -45.4    -45.3    -45.2    -45.3    -45.3    -45.2    -45.2    -45.4    -45.1    -45.2    -45.2    -45.2    -45.2    -45.2    -45.2    -45.2    -45.2    -45.2   
 -45.2    -45.2    -45.2    -45      -45.1    -45.1    -45.2    -45.1    -45.2    -45.2    -45.1    -45.1    -45.2    -45.1    -45.1    -45.2    -45      -45.1    -45.2    -45.2    -45.2    -45.2    -45.2    -45.2    -45.2    -45.2   
 -45.2    -45.2    -45.2    -45.1    -45.1    -45.2    -45.2    -45.1    -45.2    -45.2    -45.1    -45.1    -45.2    -45.1    -45.1    -45.2    -45      -45.2    -45.2    -45.2    -45.2    -45.2    -45.2    -45.2    -45.2    -45.2   
 -45.2    -45.2    -45.2    -45.1    -45.1    -45.2    -45.2    -45.2    -45.2    -45.2    -45.2    -45.2    -45.2    -45.2    -45.2    -45.2    -45      -45.2    -45.2    -45.2    -45.2    -45.2    -45.2    -45.2    -45.2    -45.2   
 -45.2    -45.2    -45.2    -45.1    -45.1    -45.2    -45.2    -45.1    -45.2    -45.2    -45.1    -45.1    -45.2    -45.1    -45.1    -45.2    -45      -45.2    -45.2    -45.2    -45.2    -45.2    -45.2    -45.2    -45.2    -45.2   
 -45.2    -45.2    -45.2    -45      -45.1    -45.1    -45.2    -45.1    -45.2    -45.2    -45.1    -45.1    -45.2    -45.1    -45.1    -45.2    -45      -45.1    -45.2    -45.2    -45.2    -45.2    -45.2    -45.2    -45.2    -45.2   
 -45.2    -45.2    -45.2    -45.1    -45.1    -45.2    -45.2    -45.1    -45.2    -45.2    -45.2    -45.2    -45.2    -45.2    -45.2    -45.2    -45      -45.2    -45.2    -45.2    -45.2    -45.2    -45.2    -45.2    -45.2    -45.2   
 -45.2    -45.2    -45.2    -45.1    -45.1    -45.2    -45.2    -45.1    -45.2    -45.2    -45.1    -45.2    -45.2    -45.1    -45.1    -45.2    -45      -45.2    -45.2    -45.2    -45.2    -45.2    -45.2    -45.2    -45.2    -45.2   
 -45.2    -45.2    -45.2    -45.1    -45.1    -45.2    -45.2    -45.1    -45.2    -45.2    -45.1    -45.2    -45.2    -45.1    -45.1    -45.2    -45      -45.2    -45.2    -45.2    -45.2    -45.2    -45.2    -45.2    -45.2    -45.2   
 -45.3    -45.3    -45.2    -45.2    -45.1    -45.2    -45.2    -45.1    -45.2    -45.2    -45.1    -45.2    -45.2    -45.1    -45.1    -45.3    -45      -45.2    -45.2    -45.2    -45.2    -45.2    -45.2    -45.2    -45.2    -45.2   
 -45.3    -45.3    -45.3    -45.2    -45.1    -45.2    -45.3    -45.2    -45.3    -45.2    -45.2    -45.2    -45.2    -45.2    -45.2    -45.3    -45      -45.2    -45.2    -45.2    -45.2    -45.2    -45.2    -45.2    -45.2    -45.2   
 -45.3    -45.3    -45.2    -45.1    -45.1    -45.2    -45.2    -45.2    -45.3    -45.2    -45.2    -45.2    -45.2    -45.2    -45.2    -45.3    -45      -45.2    -45.2    -45.2    -45.2    -45.2    -45.2    -45.2    -45.2    -45.2   
 -45.4    -45.4    -45.4    -45.2    -45.2    -45.3    -45.4    -45.2    -45.4    -45.3    -45.2    -45.3    -45.3    -45.2    -45.2    -45.4    -45.1    -45.3    -45.3    -45.3    -45.3    -45.3    -45.3    -45.3    -45.3    -45.3   
 -45.2    -45.2    -45.2    -45.1    -45.1    -45.2    -45.2    -45.1    -45.2    -45.2    -45.1    -45.1    -45.2    -45.1    -45.1    -45.2    -45      -45.2    -45.2    -45.2    -45.2    -45.2    -45.2    -45.2    -45.2    -45.2   
 -45.4    -45.4    -45.4    -45.2    -45.2    -45.3    -45.4    -45.2    -45.4    -45.3    -45.2    -45.3    -45.3    -45.2    -45.2    -45.4    -45.1    -45.3    -45.3    -45.3    -45.3    -45.3    -45.3    -45.3    -45.3    -45.3   
 -45.2    -45.2    -45.2    -45.1    -45.1    -45.2    -45.2    -45.1    -45.2    -45.2    -45.1    -45.1    -45.2    -45.1    -45.1    -45.2    -45      -45.2    -45.2    -45.2    -45.2    -45.2    -45.2    -45.2    -45.2    -45.2   
 -45.3    -45.3    -45.3    -45.2    -45.1    -45.2    -45.3    -45.2    -45.3    -45.2    -45.2    -45.2    -45.2    -45.2    -45.2    -45.3    -45      -45.2    -45.2    -45.2    -45.2    -45.2    -45.2    -45.2    -45.2    -45.2   
 -45.3    -45.3    -45.3    -45.2    -45.2    -45.3    -45.3    -45.2    -45.3    -45.3    -45.2    -45.3    -45.3    -45.2    -45.2    -45.3    -45.1    -45.2    -45.2    -45.2    -45.2    -45.2    -45.2    -45.2    -45.2    -45.2   
 -45.3    -45.3    -45.3    -45.2    -45.1    -45.2    -45.3    -45.2    -45.3    -45.2    -45.2    -45.2    -45.2    -45.2    -45.2    -45.3    -45      -45.2    -45.2    -45.2    -45.2    -45.2    -45.2    -45.2    -45.2    -45.2   
 -45.2    -45.2    -45.2    -45.1    -45.1    -45.2    -45.2    -45.2    -45.2    -45.2    -45.2    -45.2    -45.2    -45.2    -45.2    -45.2    -45      -45.2    -45.2    -45.2    -45.2    -45.2    -45.2    -45.2    -45.2    -45.2   
 -45.3    -45.3    -45.3    -45.2    -45.2    -45.3    -45.3    -45.2    -45.3    -45.3    -45.2    -45.3    -45.3    -45.2    -45.2    -45.3    -45.2    -45.2    -45.2    -45.2    -45.2    -45.3    -45.3    -45.3    -45.3    -45.3   
 -45.4    -45.4    -45.4    -45.2    -45.2    -45.3    -45.4    -45.3    -45.4    -45.3    -45.3    -45.3    -45.3    -45.3    -45.3    -45.4    -45.1    -45.3    -45.3    -45.3    -45.3    -45.3    -45.3    -45.3    -45.3    -45.3   
 -45.3    -45.3    -45.3    -45.1    -45.2    -45.2    -45.3    -45.2    -45.3    -45.2    -45.2    -45.2    -45.2    -45.2    -45.2    -45.3    -45      -45.2    -45.3    -45.3    -45.3    -45.3    -45.3    -45.3    -45.3    -45.3   
 -45.2    -45.2    -45.2    -45.1    -45.1    -45.2    -45.2    -45.1    -45.2    -45.2    -45.1    -45.1    -45.2    -45.1    -45.1    -45.2    -45      -45.2    -45.2    -45.2    -45.2    -45.2    -45.2    -45.2    -45.2    -45.2   
 -45.1    -45.1    -45.1    -45      -45      -45.1    -45.1    -45.1    -45.1    -45.1    -45.1    -45.1    -45.1    -45.1    -45.1    -45.1    -44.9    -45.1    -45.1    -45.1    -45.1    -45.1    -45.1    -45.1    -45.1    -45.1   
 -45.3    -45.3    -45.3    -45.2    -45.2    -45.3    -45.3    -45.2    -45.3    -45.3    -45.2    -45.3    -45.3    -45.2    -45.2    -45.3    -45.1    -45.2    -45.2    -45.2    -45.2    -45.2    -45.2    -45.2    -45.2    -45.2   
 -45.2    -45.2    -45.2    -45.2    -45.1    -45.2    -45.2    -45.1    -45.2    -45.2    -45.1    -45.2    -45.2    -45.1    -45.1    -45.2    -45      -45.1    -45.1    -45.1    -45.1    -45.1    -45.1    -45.1    -45.1    -45.1   
 -45.3    -45.3    -45.3    -45.2    -45.2    -45.3    -45.3    -45.2    -45.3    -45.3    -45.2    -45.3    -45.3    -45.2    -45.2    -45.3    -45.1    -45.2    -45.2    -45.2    -45.2    -45.2    -45.2    -45.2    -45.2    -45.2   
 -45.3    -45.3    -45.3    -45.1    -45.2    -45.2    -45.3    -45.2    -45.3    -45.2    -45.2    -45.2    -45.2    -45.2    -45.2    -45.3    -45      -45.2    -45.3    -45.3    -45.3    -45.3    -45.3    -45.3    -45.3    -45.3   
 -45.3    -45.3    -45.3    -45.2    -45.2    -45.3    -45.3    -45.2    -45.3    -45.3    -45.2    -45.3    -45.3    -45.2    -45.2    -45.3    -45.1    -45.2    -45.2    -45.2    -45.2    -45.2    -45.2    -45.2    -45.2    -45.2   
 -45.3    -45.3    -45.3    -45.2    -45.2    -45.3    -45.3    -45.2    -45.3    -45.3    -45.2    -45.3    -45.3    -45.2    -45.2    -45.3    -45.1    -45.2    -45.2    -45.2    -45.2    -45.2    -45.2    -45.2    -45.2    -45.2   
 -45.3    -45.3    -45.3    -45.2    -45.2    -45.3    -45.3    -45.3    -45.3    -45.3    -45.3    -45.3    -45.3    -45.3    -45.3    -45.3    -45.1    -45.3    -45.3    -45.3    -45.3    -45.3    -45.3    -45.3    -45.3    -45.3   
 -45.3    -45.3    -45.3    -45.2    -45.2    -45.3    -45.3    -45.2    -45.3    -45.3    -45.2    -45.2    -45.3    -45.2    -45.2    -45.3    -45.1    -45.2    -45.2    -45.2    -45.2    -45.2    -45.2    -45.2    -45.2    -45.2   
 -45.3    -45.3    -45.3    -45      -45      -45.2    -45.3    -45      -45.3    -45.2    -45      -45.1    -45.2    -45      -45      -45.3    -44.9    -45      -45      -45      -45      -45      -45      -45      -45      -45     
 -45.3    -45.3    -45.3    -45      -45      -45.2    -45.3    -45      -45.3    -45.2    -45      -45.1    -45.2    -45      -45      -45.3    -44.9    -45      -45      -45      -45      -45      -45      -45      -45      -45     
 -45.4    -45.4    -45.3    -45.2    -45.2    -45.3    -45.3    -45.2    -45.3    -45.3    -45.3    -45.3    -45.3    -45.3    -45.3    -45.4    -45.2    -45.3    -45.3    -45.3    -45.3    -45.3    -45.3    -45.3    -45.3    -45.3   
 -45.3    -45.3    -45.3    -45.1    -45.2    -45.2    -45.3    -45.2    -45.3    -45.2    -45.2    -45.2    -45.2    -45.2    -45.2    -45.3    -45      -45.2    -45.3    -45.3    -45.3    -45.3    -45.3    -45.3    -45.3    -45.3   
 -45.4    -45.4    -45.4    -45.2    -45.2    -45.3    -45.4    -45.3    -45.4    -45.3    -45.3    -45.3    -45.3    -45.3    -45.3    -45.4    -45.1    -45.3    -45.3    -45.3    -45.3    -45.3    -45.3    -45.3    -45.3    -45.3   
 -45.3    -45.3    -45.3    -45.2    -45.2    -45.3    -45.3    -45.2    -45.3    -45.3    -45.2    -45.2    -45.3    -45.2    -45.2    -45.3    -45.1    -45.3    -45.3    -45.3    -45.3    -45.3    -45.3    -45.3    -45.3    -45.3   
 -45.4    -45.4    -45.3    -45.2    -45.2    -45.3    -45.3    -45.3    -45.4    -45.3    -45.3    -45.3    -45.3    -45.3    -45.3    -45.4    -45.1    -45.3    -45.3    -45.3    -45.3    -45.3    -45.3    -45.3    -45.3    -45.3   
 -45.2    -45.2    -45.2    -45.1    -45.1    -45.2    -45.2    -45.1    -45.2    -45.2    -45.1    -45.1    -45.2    -45.1    -45.1    -45.2    -45      -45.1    -45.1    -45.1    -45.1    -45.1    -45.1    -45.1    -45.1    -45.1   
 -45.2    -45.2    -45.2    -45.1    -45.1    -45.2    -45.2    -45.1    -45.2    -45.2    -45.1    -45.1    -45.2    -45.1    -45.1    -45.2    -45      -45.1    -45.1    -45.1    -45.1    -45.1    -45.1    -45.1    -45.1    -45.1   
 -45.3    -45.3    -45.3    -45      -45      -45.2    -45.3    -45      -45.3    -45.2    -45      -45.1    -45.2    -45      -45      -45.3    -44.9    -45      -45      -45      -45      -45      -45      -45      -45      -45     
 -45.3    -45.3    -45.3    -45.2    -45.2    -45.3    -45.3    -45.3    -45.3    -45.3    -45.3    -45.3    -45.3    -45.3    -45.3    -45.3    -45.1    -45.3    -45.3    -45.3    -45.3    -45.3    -45.3    -45.3    -45.3    -45.3   
 -45.3    -45.3    -45.3    -45      -45      -45.2    -45.3    -45      -45.3    -45.2    -45      -45.1    -45.2    -45      -45      -45.3    -44.9    -45      -45      -45      -45      -45      -45      -45      -45      -45     
 -45.3    -45.3    -45.3    -45      -45      -45.2    -45.2    -45      -45.3    -45.2    -45      -45.1    -45.2    -45      -45      -45.3    -44.9    -45      -45      -45      -45      -45      -45      -45      -45      -45     
 -45.2    -45.2    -45.2    -45.1    -45.1    -45.2    -45.2    -45.1    -45.2    -45.2    -45.1    -45.1    -45.2    -45.1    -45.1    -45.2    -45      -45.1    -45.2    -45.2    -45.2    -45.2    -45.2    -45.2    -45.2    -45.2   
 -45.2    -45.2    -45.2    -45.1    -45.1    -45.2    -45.2    -45.2    -45.2    -45.2    -45.2    -45.2    -45.2    -45.2    -45.2    -45.2    -45      -45.2    -45.2    -45.2    -45.2    -45.2    -45.2    -45.2    -45.2    -45.2   
 -45.3    -45.3    -45.3    -45.2    -45.2    -45.3    -45.3    -45.2    -45.3    -45.3    -45.2    -45.3    -45.3    -45.2    -45.2    -45.3    -45.1    -45.2    -45.2    -45.2    -45.2    -45.2    -45.2    -45.2    -45.2    -45.2   
 -45.2    -45.2    -45.2    -45.1    -45.1    -45.2    -45.2    -45.1    -45.2    -45.2    -45.1    -45.1    -45.2    -45.1    -45.1    -45.2    -45      -45.1    -45.2    -45.2    -45.2    -45.2    -45.2    -45.2    -45.2    -45.2   
 -45.2    -45.2    -45.2    -45.1    -45.1    -45.2    -45.2    -45.2    -45.2    -45.2    -45.2    -45.2    -45.2    -45.2    -45.2    -45.2    -45      -45.2    -45.2    -45.2    -45.2    -45.2    -45.2    -45.2    -45.2    -45.2   
 -45.3    -45.3    -45.3    -45.1    -45.2    -45.2    -45.3    -45.2    -45.3    -45.2    -45.2    -45.2    -45.2    -45.2    -45.2    -45.3    -45      -45.2    -45.2    -45.2    -45.2    -45.2    -45.2    -45.2    -45.2    -45.2   
 -45.2    -45.2    -45.2    -45.1    -45.1    -45.2    -45.2    -45.2    -45.2    -45.2    -45.2    -45.2    -45.2    -45.2    -45.2    -45.3    -45      -45.2    -45.2    -45.2    -45.2    -45.2    -45.2    -45.2    -45.2    -45.2   
 -45.2    -45.2    -45.2    -45.1    -45.1    -45.2    -45.2    -45.2    -45.2    -45.2    -45.2    -45.2    -45.2    -45.2    -45.2    -45.2    -45      -45.2    -45.2    -45.2    -45.2    -45.2    -45.2    -45.2    -45.2    -45.2   
 -45.2    -45.2    -45.2    -45.1    -45.1    -45.2    -45.2    -45.2    -45.2    -45.2    -45.2    -45.2    -45.2    -45.2    -45.2    -45.2    -45      -45.2    -45.2    -45.2    -45.2    -45.2    -45.2    -45.2    -45.2    -45.2   
