 -48.1    -42.4    -42      -39.2    -39.2    -40.9    -41.7    -39.2    -42      -40.9    -39.2    -39.8    -40.8    -39.2    -39.2    -41.5    -39.1    -39.3    -39.3    -39.3    -39.3    -39.3    -39.3    -39.3    -39.3    -39.3   
 -42      -49.3    -42      -39      -39      -40.7    -41.6    -39.1    -41.8    -40.7    -39.1    -39.6    -40.7    -39.1    -39.1    -41.3    -38.9    -39.1    -39.1    -39.1    -39.1    -39.1    -39.1    -39.1    -39.1    -39.1   
 -42.2    -42.7    -47.7    -39.3    -39.3    -41.5    -43.2    -39.3    -46.6    -41.4    -39.3    -39.9    -41.3    -39.3    -39.3    -41.8    -39.2    -39.3    -39.3    -39.3    -39.3    -39.3    -39.3    -39.3    -39.3    -39.3   
 -38.9    -38.9    -38.9    -51.4    -40      -38.8    -38.9    -39.2    -38.9    -38.8    -39.2    -38.8    -38.8    -39.2    -39.2    -38.9    -40.1    -39.1    -39.1    -39.1    -39.1    -39.1    -39.1    -39.1    -39.1    -39.1   
 -39.2    -39.2    -39.2    -40.7    -49.4    -39.2    -39.2    -40.2    -39.2    -39.2    -40.1    -39.2    -39.2    -40.1    -40.1    -39.2    -40.7    -39.8    -39.8    -39.8    -39.8    -39.8    -39.8    -39.8    -39.8    -39.8   
 -41.1    -41.3    -41.6    -39.3    -39.3    -47.5    -42      -39.4    -41.5    -46.4    -39.4    -40.4    -45.9    -39.4    -39.4    -41      -39.2    -39.4    -39.4    -39.4    -39.4    -39.4    -39.4    -39.4    -39.4    -39.4   
 -41.2    -41.5    -42.3    -39      -39      -41.2    -49.7    -39      -41.8    -41.1    -39      -39.5    -41      -39      -39      -41      -38.9    -39      -39      -39      -39      -39      -39      -39      -39      -39     
 -39.2    -39.2    -39.2    -39.7    -40.2    -39.2    -39.2    -49.2    -39.2    -39.2    -47.4    -39.2    -39.2    -47.5    -47.4    -39.3    -39.6    -40.4    -40.3    -40.3    -40.3    -40.3    -40.3    -40.3    -40.3    -40.3   
 -40.6    -40.8    -43.3    -38.6    -38.6    -40.1    -40.8    -38.6    -52      -40      -38.6    -39      -39.9    -38.6    -38.6    -40.3    -38.5    -38.6    -38.6    -38.6    -38.6    -38.6    -38.6    -38.6    -38.6    -38.6   
 -40.1    -40.2    -40.4    -38.7    -38.7    -43.8    -40.6    -38.8    -40.3    -51.1    -38.8    -39.6    -45.6    -38.8    -38.8    -40      -38.7    -38.8    -38.8    -38.8    -38.8    -38.8    -38.8    -38.8    -38.8    -38.8   
 -38.8    -38.8    -38.8    -39.1    -39.5    -38.8    -38.8    -45.2    -38.8    -38.8    -51.5    -38.8    -38.8    -50      -50.8    -38.9    -39.1    -39.7    -39.6    -39.6    -39.6    -39.6    -39.6    -39.6    -39.6    -39.6   
 -38.9    -38.9    -38.9    -38.4    -38.4    -39.1    -38.9    -38.4    -38.9    -39.1    -38.4    -52.8    -39.1    -38.4    -38.4    -38.9    -38.3    -38.4    -38.5    -38.5    -38.5    -38.5    -38.5    -38.5    -38.5    -38.5   
 -40.3    -40.4    -40.5    -38.8    -38.8    -43.9    -40.8    -38.9    -40.4    -46.3    -38.9    -39.7    -50.4    -38.9    -38.9    -40.2    -38.8    -38.9    -38.9    -38.9    -38.9    -38.9    -38.9    -38.9    -38.9    -38.9   
 -38.9    -38.9    -38.9    -39.3    -39.6    -38.9    -38.9    -45.7    -38.9    -38.9    -50.8    -38.9    -38.9    -51      -50.8    -38.9    -39.2    -39.9    -39.8    -39.8    -39.8    -39.8    -39.7    -39.7    -39.7    -39.7   
 -38.9    -38.9    -38.9    -39.2    -39.5    -38.9    -38.9    -45.4    -38.9    -38.9    -51.2    -38.8    -38.9    -50.4    -51.3    -38.9    -39.1    -39.8    -39.7    -39.7    -39.7    -39.7    -39.7    -39.7    -39.7    -39.7   
 -40      -40.1    -40.1    -38.5    -38.5    -39.5    -40      -38.5    -40.1    -39.5    -38.5    -38.9    -39.5    -38.5    -38.5    -52.4    -38.4    -38.5    -38.5    -38.5    -38.5    -38.5    -38.5    -38.5    -38.5    -38.5   
 -39.5    -39.4    -39.4    -41.4    -41.1    -39.4    -39.4    -40      -39.4    -39.4    -40      -39.4    -39.4    -40      -40      -39.5    -47.9    -39.9    -39.9    -39.9    -39.9    -39.9    -39.9    -39.9    -39.9    -39.9   
 -39.7    -39.7    -39.7    -40.1    -40.4    -39.6    -39.6    -41.1    -39.7    -39.6    -41.1    -39.6    -39.6    -41.1    -41.1    -39.7    -40      -46.6    -43.4    -43.2    -43.2    -43      -43      -43      -43      -43     
 -39.1    -39.1    -39.1    -39.4    -39.6    -39.1    -39.1    -40.1    -39.1    -39.1    -40.1    -39.1    -39.1    -40.1    -40.1    -39.1    -39.3    -41.9    -49.7    -49.2    -49.2    -48.6    -48.6    -47.8    -47.8    -48     
 -39.1    -39.1    -39.1    -39.3    -39.6    -39.1    -39.1    -40      -39.1    -39.1    -40      -39      -39.1    -40      -40      -39.1    -39.3    -41.7    -49      -49.9    -49.8    -49.2    -49.1    -48.2    -48.2    -48.5   
 -39.1    -39.1    -39.1    -39.3    -39.6    -39.1    -39.1    -40      -39.1    -39.1    -40      -39      -39.1    -40      -40      -39.1    -39.3    -41.7    -49      -49.8    -49.9    -49.2    -49.1    -48.2    -48.2    -48.5   
 -39      -39      -39      -39.2    -39.4    -39      -39      -39.8    -39      -39      -39.8    -38.9    -39      -39.8    -39.8    -39      -39.1    -41.3    -47.6    -48.3    -48.3    -50.6    -49.6    -48.7    -48.7    -48.9   
 -39      -39      -39      -39.2    -39.4    -39      -39      -39.9    -39      -39      -39.9    -38.9    -39      -39.9    -39.9    -39      -39.2    -41.4    -47.7    -48.4    -48.4    -49.8    -50.4    -49.4    -49.4    -49.7   
 -38.7    -38.7    -38.7    -38.8    -39      -38.6    -38.7    -39.3    -38.7    -38.7    -39.3    -38.6    -38.7    -39.3    -39.3    -38.7    -38.7    -40.6    -44.9    -45.4    -45.4    -46.4    -46.8    -52.4    -52.4    -49.9   
 -38.7    -38.7    -38.7    -38.8    -39      -38.6    -38.7    -39.3    -38.7    -38.7    -39.3    -38.6    -38.7    -39.3    -39.3    -38.7    -38.7    -40.6    -44.9    -45.4    -45.4    -46.4    -46.8    -52.4    -52.4    -49.9   
 -38.8    -38.8    -38.8    -39      -39.2    -38.8    -38.8    -39.6    -38.8    -38.8    -39.5    -38.7    -38.8    -39.5    -39.5    -38.8    -38.9    -40.9    -45.9    -46.5    -46.5    -47.6    -48.1    -51.2    -51.2    -51.6   
 -38.9    -38.9    -38.9    -38.4    -38.4    -39.1    -38.9    -38.4    -38.9    -39.1    -38.4    -52.4    -39.1    -38.4    -38.4    -38.9    -38.3    -38.4    -38.5    -38.5    -38.5    -38.5    -38.5    -38.5    -38.5    -38.5   
 -38.9    -38.9    -38.9    -38.4    -38.4    -39.1    -38.9    -38.4    -38.9    -39.1    -38.4    -52.5    -39.1    -38.4    -38.4    -38.9    -38.3    -38.4    -38.5    -38.5    -38.5    -38.5    -38.5    -38.5    -38.5    -38.5   
 -41.1    -41.3    -42      -38.9    -38.9    -41      -49.1    -38.9    -41.6    -40.9    -38.9    -39.5    -40.9    -38.9    -38.9    -40.8    -38.8    -38.9    -38.9    -38.9    -38.9    -38.9    -38.9    -39      -39      -39     
 -38.9    -38.9    -38.9    -38.4    -38.4    -39.1    -38.9    -38.4    -38.9    -39.1    -38.4    -52.8    -39.1    -38.4    -38.4    -38.9    -38.3    -38.4    -38.5    -38.5    -38.5    -38.5    -38.5    -38.5    -38.5    -38.5   
 -38.9    -38.9    -38.9    -38.4    -38.4    -39.2    -38.9    -38.5    -38.9    -39.2    -38.5    -51.4    -39.2    -38.5    -38.5    -38.9    -38.3    -38.5    -38.5    -38.5    -38.5    -38.5    -38.5    -38.5    -38.5    -38.5   
 -40.4    -40.6    -40.8    -38.7    -38.7    -41      -41.5    -38.7    -40.8    -40.7    -38.7    -39.3    -40.7    -38.7    -38.7    -40.2    -38.6    -38.7    -38.7    -38.7    -38.7    -38.7    -38.7    -38.7    -38.7    -38.7   
 -41.3    -41.5    -42.3    -39      -39      -41.2    -49.7    -39      -41.8    -41.1    -39      -39.6    -41      -39      -39      -41      -38.9    -39      -39      -39      -39      -39      -39      -39      -39      -39     
 -38.8    -38.8    -38.8    -38.4    -38.4    -39.1    -38.9    -38.4    -38.8    -39.1    -38.4    -52.1    -39.1    -38.4    -38.4    -38.8    -38.3    -38.4    -38.4    -38.4    -38.4    -38.4    -38.4    -38.4    -38.4    -38.4   
 -41.3    -41.5    -42.3    -39      -39      -41.2    -49.7    -39      -41.8    -41.1    -39      -39.6    -41      -39      -39      -41      -38.9    -39      -39      -39      -39      -39      -39      -39      -39      -39     
 -44.6    -41.6    -41.3    -39      -39      -40.5    -41.1    -39      -41.3    -40.5    -39.1    -39.5    -40.5    -39      -39.1    -41      -38.9    -39.1    -39.1    -39.1    -39.1    -39.1    -39.1    -39.1    -39.1    -39.1   
 -40.7    -40.9    -41.2    -38.8    -38.8    -41.5    -42      -38.9    -41.1    -41.1    -38.9    -39.5    -41.1    -38.9    -38.9    -40.5    -38.7    -38.9    -38.9    -38.9    -38.9    -38.9    -38.9    -38.9    -38.9    -38.9   
 -44.1    -41.4    -41.1    -38.9    -38.9    -40.3    -40.9    -39      -41.1    -40.3    -39      -39.4    -40.3    -39      -39      -40.9    -38.8    -39      -39      -39      -39      -39      -39      -39      -39      -39     
 -43.8    -41.2    -41      -38.9    -38.9    -40.2    -40.8    -38.9    -41      -40.2    -38.9    -39.3    -40.2    -38.9    -38.9    -40.7    -38.8    -38.9    -38.9    -38.9    -38.9    -38.9    -38.9    -38.9    -38.9    -38.9   
 -40.9    -41.2    -41.5    -39      -39      -41.8    -42.4    -39      -41.4    -41.3    -39      -39.6    -41.3    -39      -39      -40.7    -38.9    -39      -39      -39      -39      -39      -39      -39      -39      -39     
 -44.1    -41.4    -41.1    -38.9    -38.9    -40.3    -40.9    -39      -41.1    -40.3    -39      -39.4    -40.3    -39      -39      -40.9    -38.8    -39      -39      -39      -39      -39      -39      -39      -39      -39     
 -40.4    -40.6    -43      -38.5    -38.5    -39.9    -40.6    -38.6    -51.2    -39.9    -38.6    -39      -39.8    -38.6    -38.6    -40.2    -38.4    -38.6    -38.6    -38.6    -38.6    -38.6    -38.6    -38.6    -38.6    -38.6   
 -44.5    -41.6    -41.3    -39      -39      -40.4    -41.1    -39      -41.2    -40.4    -39      -39.5    -40.4    -39      -39      -41      -38.9    -39      -39      -39      -39      -39      -39      -39      -39      -39     
 -44.3    -41.5    -41.1    -38.9    -38.9    -40.3    -41      -39      -41.1    -40.3    -39      -39.4    -40.3    -39      -39      -40.9    -38.8    -39      -39      -39      -39      -39      -39      -39      -39      -39     
 -40.4    -40.6    -43      -38.5    -38.5    -39.9    -40.6    -38.6    -51.2    -39.9    -38.6    -39      -39.8    -38.6    -38.6    -40.2    -38.4    -38.6    -38.6    -38.6    -38.6    -38.6    -38.6    -38.6    -38.6    -38.6   
 -40.6    -40.8    -43.3    -38.6    -38.6    -40.1    -40.8    -38.6    -52      -40      -38.6    -39      -40      -38.6    -38.6    -40.3    -38.5    -38.6    -38.6    -38.6    -38.6    -38.6    -38.6    -38.6    -38.6    -38.6   
 -41.6    -41.8    -42.2    -39.5    -39.5    -45.4    -43.1    -39.5    -42.1    -44.6    -39.5    -40.6    -44.2    -39.5    -39.5    -41.4    -39.4    -39.5    -39.5    -39.5    -39.5    -39.5    -39.5    -39.5    -39.5    -39.5   
 -38.7    -38.7    -38.7    -38.8    -39      -38.7    -38.7    -39.4    -38.7    -38.7    -39.3    -38.6    -38.7    -39.3    -39.3    -38.7    -38.8    -40.6    -44.9    -45.4    -45.4    -46.5    -46.9    -52.4    -52.4    -49.9   
 -42.1    -42.4    -43.4    -39.5    -39.5    -43.7    -44.5    -39.6    -42.8    -43.1    -39.6    -40.4    -42.8    -39.6    -39.6    -41.8    -39.4    -39.6    -39.6    -39.6    -39.6    -39.6    -39.6    -39.6    -39.6    -39.6   
 -38.7    -38.7    -38.7    -38.8    -39      -38.7    -38.7    -39.4    -38.7    -38.7    -39.3    -38.6    -38.7    -39.3    -39.3    -38.7    -38.8    -40.6    -44.9    -45.4    -45.4    -46.5    -46.9    -52.4    -52.4    -49.9   
 -40      -40.1    -40.2    -38.7    -38.7    -43      -40.5    -38.7    -40.2    -45.1    -38.7    -39.5    -48.6    -38.7    -38.7    -39.9    -38.6    -38.7    -38.7    -38.7    -38.7    -38.8    -38.8    -38.8    -38.8    -38.8   
 -41.6    -41.8    -42.2    -39.5    -39.5    -45.4    -43.1    -39.5    -42.1    -44.6    -39.5    -40.6    -44.2    -39.5    -39.5    -41.4    -39.4    -39.5    -39.5    -39.5    -39.5    -39.5    -39.5    -39.5    -39.5    -39.5   
 -39.9    -40      -40.1    -38.7    -38.7    -42.8    -40.4    -38.7    -40.1    -44.8    -38.7    -39.4    -48.2    -38.7    -38.7    -39.9    -38.6    -38.7    -38.7    -38.7    -38.7    -38.7    -38.7    -38.7    -38.7    -38.7   
 -46.5    -42.1    -41.7    -39.1    -39.1    -40.7    -41.4    -39.2    -41.6    -40.7    -39.2    -39.7    -40.7    -39.2    -39.2    -41.3    -39      -39.2    -39.2    -39.2    -39.2    -39.2    -39.2    -39.2    -39.2    -39.2   
 -40.1    -40.2    -40.3    -38.7    -38.7    -43.2    -40.6    -38.8    -40.2    -45.4    -38.8    -39.6    -49      -38.8    -38.8    -40      -38.6    -38.8    -38.8    -38.8    -38.8    -38.8    -38.8    -38.8    -38.8    -38.8   
 -40.9    -41.1    -41.4    -39.4    -39.4    -44.8    -41.8    -39.4    -41.3    -44.1    -39.4    -41      -43.7    -39.4    -39.4    -40.8    -39.3    -39.4    -39.4    -39.4    -39.4    -39.4    -39.4    -39.4    -39.4    -39.4   
 -41.9    -42.2    -42.9    -39.5    -39.5    -44.4    -43.9    -39.5    -42.4    -43.7    -39.5    -40.4    -43.3    -39.5    -39.5    -41.6    -39.4    -39.6    -39.6    -39.6    -39.6    -39.6    -39.6    -39.6    -39.6    -39.6   
 -41.3    -41.5    -41.8    -39.5    -39.5    -45.8    -42.4    -39.5    -41.7    -45      -39.5    -40.8    -44.6    -39.5    -39.5    -41.1    -39.4    -39.5    -39.5    -39.5    -39.5    -39.5    -39.5    -39.5    -39.5    -39.5   
 -41.5    -41.7    -42      -39.5    -39.5    -45.9    -42.8    -39.5    -41.9    -45      -39.5    -40.6    -44.6    -39.5    -39.5    -41.3    -39.4    -39.5    -39.5    -39.5    -39.5    -39.5    -39.5    -39.5    -39.5    -39.5   
 -41.6    -41.8    -42.2    -39.5    -39.5    -45.4    -43.1    -39.5    -42.1    -44.6    -39.5    -40.6    -44.2    -39.5    -39.5    -41.4    -39.4    -39.5    -39.5    -39.5    -39.5    -39.5    -39.5    -39.5    -39.5    -39.5   
 -38.7    -38.7    -38.7    -39      -39.3    -38.7    -38.7    -44.4    -38.7    -38.7    -49.2    -38.7    -38.7    -48.8    -49.2    -38.7    -38.9    -39.5    -39.4    -39.4    -39.4    -39.4    -39.4    -39.4    -39.4    -39.4   
 -38.9    -38.9    -38.9    -39.2    -39.5    -38.8    -38.9    -45.3    -38.9    -38.8    -50.6    -38.8    -38.8    -50.2    -50.6    -38.9    -39.1    -39.8    -39.7    -39.7    -39.7    -39.6    -39.6    -39.6    -39.6    -39.6   
 -44.5    -44.7    -43.9    -39.5    -39.5    -41.7    -43.2    -39.6    -43.3    -41.6    -39.6    -40.2    -41.5    -39.6    -39.6    -42.3    -39.4    -39.6    -39.6    -39.6    -39.6    -39.6    -39.6    -39.6    -39.6    -39.6   
 -48.1    -42.5    -42      -39.2    -39.2    -40.9    -41.8    -39.3    -42      -40.9    -39.3    -39.8    -40.9    -39.3    -39.3    -41.5    -39.1    -39.3    -39.3    -39.3    -39.3    -39.3    -39.3    -39.3    -39.3    -39.3   
 -38.9    -38.9    -38.9    -39.2    -39.6    -38.9    -38.9    -45.5    -38.9    -38.9    -51.2    -38.8    -38.9    -50.4    -51.2    -38.9    -39.1    -39.8    -39.7    -39.7    -39.7    -39.7    -39.7    -39.7    -39.7    -39.7   
 -39.5    -39.5    -39.5    -41.3    -41.1    -39.5    -39.5    -39.8    -39.5    -39.5    -39.8    -40.1    -39.5    -39.8    -39.8    -39.5    -41      -39.7    -39.7    -39.7    -39.7    -39.7    -39.7    -39.7    -39.7    -39.7   
 -38.9    -38.9    -38.9    -39.1    -39.3    -38.9    -38.9    -39.7    -38.9    -38.9    -39.7    -38.8    -38.9    -39.7    -39.7    -38.9    -39      -41.1    -40.6    -40.6    -40.6    -40.6    -40.6    -40.5    -40.5    -40.5   
 -39.1    -39.1    -39.1    -39.3    -39.5    -39.1    -39.1    -40      -39.1    -39.1    -40      -39      -39.1    -40      -40      -39.1    -39.3    -41.5    -41      -41      -41      -41      -41      -41      -41      -41     
 -38.9    -38.9    -38.9    -39.3    -39.6    -38.9    -38.9    -45.8    -38.9    -38.9    -50.8    -38.9    -38.9    -51      -50.8    -38.9    -39.2    -39.9    -39.8    -39.8    -39.8    -39.8    -39.8    -39.8    -39.8    -39.8   
 -39.1    -39.1    -39.1    -39.3    -39.5    -39      -39      -40      -39.1    -39      -40      -39      -39      -40      -40      -39.1    -39.2    -41.5    -40.9    -40.9    -40.9    -40.9    -40.9    -40.9    -40.9    -40.9   
 -38.9    -38.9    -38.9    -39.1    -39.3    -38.8    -38.9    -39.7    -38.9    -38.8    -39.7    -38.8    -38.8    -39.7    -39.7    -38.9    -39      -41      -40.5    -40.5    -40.5    -40.5    -40.5    -40.5    -40.5    -40.5   
 -39.2    -39.2    -39.2    -39.5    -39.8    -39.2    -39.2    -40.3    -39.2    -39.2    -40.3    -39.2    -39.2    -40.3    -40.3    -39.3    -39.5    -42.1    -41.4    -41.4    -41.4    -41.3    -41.3    -41.3    -41.3    -41.3   
 -39.2    -39.2    -39.2    -39.5    -39.7    -39.2    -39.2    -40.2    -39.2    -39.2    -40.2    -39.1    -39.2    -40.2    -40.2    -39.2    -39.4    -42.1    -41.3    -41.3    -41.3    -41.2    -41.2    -41.2    -41.2    -41.2   
 -38.9    -38.9    -38.9    -39.1    -39.3    -38.9    -38.9    -39.8    -38.9    -38.9    -39.8    -38.9    -38.9    -39.8    -39.8    -38.9    -39.1    -42.4    -42.4    -42.3    -42.3    -42      -42      -42      -42      -42     
 -38.9    -38.9    -38.9    -51.4    -40      -38.8    -38.9    -39.2    -38.9    -38.8    -39.2    -38.8    -38.8    -39.2    -39.2    -38.9    -40.1    -39.1    -39.1    -39.1    -39.1    -39.1    -39.1    -39.1    -39.1    -39.1   
 -39      -39      -39      -50.8    -40.1    -38.9    -38.9    -39.3    -39      -38.9    -39.3    -38.9    -38.9    -39.3    -39.3    -39      -40.3    -39.2    -39.2    -39.2    -39.2    -39.2    -39.2    -39.2    -39.2    -39.2   
 -39.3    -39.2    -39.2    -39.7    -40.2    -39.2    -39.2    -49.1    -39.2    -39.2    -47.5    -39.2    -39.2    -47.6    -47.5    -39.3    -39.6    -40.4    -40.3    -40.3    -40.3    -40.3    -40.3    -40.3    -40.3    -40.3   
 -39.7    -39.7    -39.7    -42.3    -42.2    -39.7    -39.7    -40.3    -39.7    -39.7    -40.2    -39.9    -39.7    -40.2    -40.2    -39.7    -42      -40.1    -40.1    -40.1    -40.1    -40.1    -40.1    -40.1    -40.1    -40.1   
 -39.1    -39.1    -39.1    -39.4    -39.6    -39.1    -39.1    -40.1    -39.1    -39.1    -40.1    -39.1    -39.1    -40.1    -40.1    -39.2    -39.3    -41.9    -49.6    -49.3    -49.3    -48.7    -48.6    -47.8    -47.8    -48     
 -39.7    -39.7    -39.7    -42.3    -42.2    -39.7    -39.7    -40.3    -39.7    -39.7    -40.2    -39.9    -39.7    -40.2    -40.2    -39.7    -42      -40.1    -40.1    -40.1    -40.1    -40.1    -40.1    -40.1    -40.1    -40.1   
 -39.1    -39.1    -39.1    -39.3    -39.5    -39      -39.1    -40      -39.1    -39      -40      -39      -39      -40      -40      -39.1    -39.2    -41.5    -48.4    -49.1    -49.1    -49.8    -49.8    -48.9    -48.9    -49.1   
 -39      -39      -39      -50.5    -40.2    -39      -39      -39.4    -39      -39      -39.4    -38.9    -39      -39.4    -39.4    -39      -40.4    -39.3    -39.2    -39.2    -39.2    -39.2    -39.2    -39.2    -39.2    -39.2   
 -39.3    -39.3    -39.2    -41      -40.8    -39.2    -39.2    -39.8    -39.3    -39.2    -39.8    -39.2    -39.2    -39.8    -39.8    -39.3    -46.4    -39.6    -39.6    -39.6    -39.6    -39.6    -39.6    -39.6    -39.6    -39.6   
 -39      -39      -39      -50.5    -40.2    -39      -39      -39.4    -39      -39      -39.4    -38.9    -39      -39.4    -39.4    -39      -40.4    -39.3    -39.2    -39.2    -39.2    -39.2    -39.2    -39.2    -39.2    -39.2   
 -39.4    -39.4    -39.4    -39.7    -40      -39.3    -39.4    -40.6    -39.4    -39.3    -40.5    -39.3    -39.3    -40.5    -40.5    -39.4    -39.6    -43.3    -41.9    -41.8    -41.8    -41.8    -41.8    -41.7    -41.7    -41.7   
 -39.2    -39.2    -39.2    -40.8    -40.6    -39.2    -39.2    -39.7    -39.2    -39.2    -39.7    -39.1    -39.2    -39.7    -39.7    -39.2    -46.1    -39.5    -39.5    -39.5    -39.5    -39.5    -39.5    -39.5    -39.5    -39.5   
 -39.8    -39.8    -39.8    -42.9    -42.8    -39.8    -39.8    -40.5    -39.8    -39.8    -40.5    -39.8    -39.8    -40.5    -40.5    -39.8    -42.5    -40.3    -40.3    -40.3    -40.3    -40.3    -40.3    -40.3    -40.3    -40.3   
 -39.6    -39.6    -39.6    -40      -40.3    -39.6    -39.6    -40.9    -39.6    -39.6    -40.9    -39.5    -39.6    -40.9    -40.9    -39.6    -39.9    -45.6    -44.1    -43.9    -43.9    -43.6    -43.6    -43.4    -43.4    -43.4   
 -39.1    -39.1    -39.1    -39.4    -39.6    -39.1    -39.1    -40.1    -39.1    -39.1    -40.1    -39.1    -39.1    -40.1    -40.1    -39.2    -39.3    -41.9    -49.6    -49.3    -49.3    -48.7    -48.6    -47.8    -47.8    -48     
 -38.4    -38.4    -38.4    -38.6    -38.9    -38.4    -38.4    -42.6    -38.4    -38.4    -41.8    -38.4    -38.4    -41.9    -41.8    -38.4    -38.5    -39.1    -39      -39      -39      -39      -39      -39      -39      -39     
 -39.1    -39.1    -39.1    -40.7    -40.5    -39.1    -39.1    -39.6    -39.1    -39.1    -39.6    -39      -39.1    -39.6    -39.6    -39.1    -45.6    -39.4    -39.4    -39.4    -39.4    -39.4    -39.4    -39.4    -39.4    -39.4   
 -38.7    -38.7    -38.7    -47.6    -39.6    -38.6    -38.7    -38.9    -38.7    -38.6    -38.9    -38.6    -38.6    -38.9    -38.9    -38.7    -39.7    -38.9    -38.9    -38.9    -38.9    -38.9    -38.9    -38.9    -38.9    -38.9   
 -39.1    -39.1    -39.1    -40.7    -40.5    -39.1    -39.1    -39.6    -39.1    -39.1    -39.6    -39      -39.1    -39.6    -39.6    -39.1    -45.6    -39.4    -39.4    -39.4    -39.4    -39.4    -39.4    -39.4    -39.4    -39.4   
 -39.6    -39.6    -39.6    -40      -40.3    -39.6    -39.6    -40.9    -39.6    -39.6    -40.9    -39.5    -39.6    -40.9    -40.9    -39.6    -39.9    -45.6    -44.1    -43.9    -43.9    -43.6    -43.6    -43.4    -43.4    -43.4   
 -39.1    -39.1    -39.1    -40.7    -40.5    -39.1    -39.1    -39.6    -39.1    -39.1    -39.6    -39      -39.1    -39.6    -39.6    -39.1    -45.6    -39.4    -39.4    -39.4    -39.4    -39.4    -39.4    -39.4    -39.4    -39.4   
 -39.1    -39.1    -39.1    -40.7    -40.5    -39.1    -39.1    -39.6    -39.1    -39.1    -39.6    -39      -39.1    -39.6    -39.6    -39.1    -45.6    -39.4    -39.4    -39.4    -39.4    -39.4    -39.4    -39.4    -39.4    -39.4   
 -39.8    -39.8    -39.8    -40.6    -42.5    -39.8    -39.8    -43.1    -39.8    -39.8    -42.3    -39.8    -39.8    -42.3    -42.3    -39.8    -40.6    -41.6    -41.2    -41.2    -41.2    -41.2    -41.2    -41.1    -41.1    -41.2   
 -39.6    -39.6    -39.6    -40.2    -41.1    -39.6    -39.6    -45.7    -39.6    -39.6    -44.5    -39.5    -39.6    -44.6    -44.5    -39.6    -40.1    -41.1    -40.9    -40.8    -40.8    -40.8    -40.8    -40.8    -40.8    -40.8   
 -41.9    -45      -41.8    -39      -39      -40.6    -41.5    -39.1    -41.7    -40.6    -39.1    -39.6    -40.6    -39.1    -39.1    -41.2    -38.9    -39.1    -39.1    -39.1    -39.1    -39.1    -39.1    -39.1    -39.1    -39.1   
 -41.8    -44.7    -41.7    -39      -39      -40.6    -41.4    -39      -41.6    -40.5    -39      -39.5    -40.5    -39      -39      -41.1    -38.9    -39      -39      -39      -39      -39      -39      -39      -39      -39     
 -39.6    -39.6    -39.6    -41.8    -41.7    -39.6    -39.6    -40.2    -39.6    -39.6    -40.2    -39.5    -39.6    -40.2    -40.2    -39.6    -46.1    -40.1    -40      -40      -40      -40      -40      -40      -40      -40     
 -39.6    -39.6    -39.6    -40      -40.3    -39.6    -39.6    -40.9    -39.6    -39.6    -40.9    -39.5    -39.6    -40.9    -40.9    -39.6    -39.9    -45.6    -44.1    -43.9    -43.9    -43.6    -43.6    -43.4    -43.4    -43.4   
 -39.9    -39.9    -39.9    -42.7    -43.3    -39.9    -39.9    -40.7    -39.9    -39.9    -40.7    -39.8    -39.9    -40.7    -40.7    -39.9    -43.4    -40.4    -40.4    -40.4    -40.4    -40.4    -40.4    -40.4    -40.4    -40.4   
 -39.8    -39.8    -39.8    -40.2    -40.6    -39.7    -39.8    -41.6    -39.8    -39.7    -41.5    -39.7    -39.7    -41.5    -41.5    -39.8    -40.2    -44.5    -42.3    -42.3    -42.3    -42.3    -42.3    -42.2    -42.2    -42.2   
 -39.9    -39.9    -39.9    -42.2    -44.4    -39.8    -39.8    -40.9    -39.9    -39.8    -40.8    -39.8    -39.8    -40.8    -40.8    -39.9    -42.5    -40.5    -40.5    -40.5    -40.5    -40.5    -40.5    -40.5    -40.5    -40.5   
 -38.7    -38.7    -38.7    -38.9    -39.2    -38.7    -38.7    -39.7    -38.7    -38.7    -39.7    -38.7    -38.7    -39.7    -39.7    -38.7    -38.9    -39.9    -39.7    -39.7    -39.7    -39.6    -39.6    -39.6    -39.6    -39.6   
 -38.7    -38.7    -38.7    -38.9    -39.2    -38.7    -38.7    -39.7    -38.7    -38.7    -39.7    -38.7    -38.7    -39.7    -39.7    -38.7    -38.9    -39.9    -39.7    -39.7    -39.7    -39.6    -39.6    -39.6    -39.6    -39.6   
 -41.6    -44.4    -41.5    -38.9    -38.9    -40.5    -41.3    -38.9    -41.5    -40.4    -38.9    -39.4    -40.4    -38.9    -38.9    -41      -38.8    -39      -39      -39      -39      -39      -39      -39      -39      -39     
 -39.7    -39.7    -39.7    -41.6    -46.2    -39.7    -39.7    -41      -39.7    -39.7    -40.9    -39.7    -39.7    -40.9    -40.9    -39.7    -41.6    -40.5    -40.4    -40.4    -40.4    -40.4    -40.4    -40.4    -40.4    -40.4   
 -41.7    -44.6    -41.6    -38.9    -39      -40.5    -41.3    -39      -41.5    -40.5    -39      -39.5    -40.5    -39      -39      -41      -38.9    -39      -39      -39      -39      -39      -39      -39      -39      -39     
 -41.4    -43.9    -41.3    -38.8    -38.8    -40.3    -41      -38.8    -41.2    -40.3    -38.8    -39.3    -40.2    -38.8    -38.8    -40.8    -38.7    -38.9    -38.9    -38.9    -38.9    -38.9    -38.9    -38.9    -38.9    -38.9   
 -38.8    -38.8    -38.8    -39      -39.3    -38.8    -38.8    -39.8    -38.8    -38.8    -39.8    -38.8    -38.8    -39.8    -39.8    -38.8    -39      -40      -39.8    -39.8    -39.8    -39.8    -39.8    -39.8    -39.8    -39.8   
 -39      -39      -39      -39.3    -39.6    -39      -39      -40.2    -39      -39      -40.1    -38.9    -39      -40.1    -40.1    -39      -39.2    -40.4    -40.1    -40.1    -40.1    -40.1    -40.1    -40.1    -40.1    -40.1   
 -39.2    -39.2    -39.2    -40.7    -49.3    -39.2    -39.2    -40.2    -39.2    -39.2    -40.1    -39.2    -39.2    -40.1    -40.1    -39.3    -40.7    -39.8    -39.8    -39.8    -39.8    -39.8    -39.8    -39.8    -39.8    -39.8   
 -38.8    -38.8    -38.8    -39      -39.3    -38.8    -38.8    -39.8    -38.8    -38.8    -39.8    -38.8    -38.8    -39.8    -39.8    -38.8    -39      -40      -39.8    -39.8    -39.8    -39.8    -39.8    -39.8    -39.8    -39.8   
 -39      -39      -39      -39.3    -39.6    -39      -39      -40.2    -39      -39      -40.1    -38.9    -39      -40.1    -40.1    -39      -39.2    -40.4    -40.1    -40.1    -40.1    -40.1    -40.1    -40.1    -40.1    -40.1   
 -39.5    -39.5    -39.5    -40      -40.3    -39.5    -39.5    -41.2    -39.5    -39.5    -41      -39.5    -39.5    -41.1    -41      -39.5    -39.9    -41.4    -41.1    -41.1    -41.1    -41.1    -41.1    -41      -41      -41     
 -39.3    -39.3    -39.3    -39.6    -40      -39.3    -39.3    -40.7    -39.3    -39.3    -40.6    -39.2    -39.3    -40.6    -40.6    -39.3    -39.6    -40.9    -40.6    -40.6    -40.6    -40.6    -40.6    -40.6    -40.6    -40.6   
 -39      -39      -39      -39.3    -39.6    -39      -39      -40.2    -39      -39      -40.2    -39      -39      -40.2    -40.2    -39.1    -39.3    -40.4    -40.2    -40.2    -40.2    -40.2    -40.2    -40.2    -40.2    -40.2   
 -39.2    -39.2    -39.2    -39.5    -39.8    -39.2    -39.2    -40.5    -39.2    -39.2    -40.4    -39.1    -39.2    -40.4    -40.4    -39.2    -39.5    -40.7    -40.5    -40.5    -40.5    -40.4    -40.4    -40.4    -40.4    -40.4   
