 -45.2    -45.2    -45.3    -45.3    -48      -42.3    -39.2    -42.3    -42.3    -42.3    -41      -39.2    -41.9    -42.3    -41.4    -39.2    -39.2    -41.7    -39.2    -41.4    -41.7    -39.2    -39.2    -39.8    -41.6    -39.2    -39.2    -39.1    -42      -39.2    -41.5    -41.6    -42      -41.6    -42      -39.2    -39.1    -41.5    -39.8    -39.2    -39.2    -40.8    -39.1    -39.2    -39.2    -39.2    -39.3    -39.1    -39.2    -39.1    -39.2    -39      -39.3    -39.3    -40.8    -40.8    -39.3    -39.3    -39.3    -39.3    -39.3    -39.3    -39.3    -39.3    -39.3   
 -41.7    -41.7    -41.7    -41.7    -42      -44.8    -39      -45.4    -44.9    -44.8    -40.9    -39      -41.8    -45      -41.3    -39      -39.1    -41.6    -39      -41.3    -41.6    -39      -39.1    -39.6    -41.4    -39.1    -39.1    -38.9    -41.8    -39.1    -41.3    -41.4    -41.8    -41.3    -41.8    -39.1    -38.9    -41.3    -39.6    -39.1    -39.1    -40.7    -38.9    -39.1    -39.1    -39.1    -39.1    -38.9    -39.1    -38.9    -39.1    -38.9    -39.1    -39.1    -40.6    -40.6    -39.1    -39.1    -39.1    -39.1    -39.1    -39.1    -39.1    -39.1    -39.1   
 -41.9    -41.9    -41.9    -41.9    -42.2    -42.4    -39.3    -42.4    -42.4    -42.4    -41.7    -39.3    -43.8    -42.4    -42.4    -39.3    -39.3    -43.3    -39.3    -42.4    -43.3    -39.3    -39.3    -39.9    -42.1    -39.3    -39.3    -39.2    -46.6    -39.3    -41.8    -42      -46.5    -42      -46.5    -39.3    -39.2    -41.8    -39.9    -39.3    -39.3    -41.3    -39.2    -39.3    -39.3    -39.3    -39.3    -39.2    -39.3    -39.2    -39.3    -39.1    -39.3    -39.3    -41.3    -41.3    -39.3    -39.3    -39.3    -39.3    -39.3    -39.3    -39.3    -39.3    -39.3   
 -38.9    -38.9    -38.9    -38.9    -38.9    -38.9    -49.4    -38.9    -38.9    -38.9    -38.8    -49.7    -38.9    -38.9    -38.9    -47.1    -40.2    -38.9    -40.4    -38.9    -38.9    -40      -39.2    -38.8    -38.9    -39.2    -39.2    -40.2    -38.9    -39.3    -38.9    -38.9    -38.9    -38.9    -38.9    -39.2    -40.1    -38.9    -38.8    -39.2    -39.2    -38.8    -40.1    -39.2    -39.2    -39.2    -39.1    -40.1    -39.2    -40.1    -39.2    -40      -39.1    -39.1    -38.8    -38.8    -39.1    -39.1    -39.1    -39.1    -39.1    -39.1    -39.1    -39.1    -39.1   
 -39.2    -39.2    -39.2    -39.2    -39.2    -39.2    -40.6    -39.2    -39.2    -39.2    -39.2    -40.7    -39.2    -39.2    -39.2    -40.7    -40.7    -39.2    -41.8    -39.2    -39.2    -45.5    -39.9    -39.2    -39.2    -40.1    -40.2    -40.7    -39.2    -40.6    -39.2    -39.2    -39.2    -39.2    -39.2    -39.9    -40.6    -39.2    -39.2    -39.9    -40.1    -39.2    -40.6    -39.9    -39.9    -39.9    -39.8    -40.6    -39.9    -40.6    -39.9    -40.6    -39.8    -39.8    -39.2    -39.2    -39.8    -39.8    -39.8    -39.8    -39.8    -39.8    -39.8    -39.8    -39.8   
 -41      -41      -41      -41      -41.1    -41.2    -39.3    -41.2    -41.2    -41.2    -44.8    -39.3    -41.9    -41.2    -42.8    -39.3    -39.4    -42.1    -39.3    -42.8    -42.1    -39.3    -39.4    -40.4    -41.1    -39.4    -39.4    -39.2    -41.5    -39.4    -41      -41      -41.5    -41      -41.5    -39.4    -39.2    -41      -40.4    -39.4    -39.4    -45.6    -39.2    -39.4    -39.4    -39.4    -39.4    -39.2    -39.4    -39.2    -39.4    -39.2    -39.4    -39.4    -45.5    -45.5    -39.4    -39.4    -39.4    -39.4    -39.4    -39.4    -39.4    -39.4    -39.4   
 -41      -41      -41      -41      -41.2    -41.4    -39      -41.4    -41.4    -41.4    -41.7    -39      -43      -41.4    -42.4    -39      -39      -48.2    -39      -42.4    -48.2    -39      -39      -39.5    -41.1    -39      -39      -38.9    -41.8    -39      -41      -41.1    -41.7    -41      -41.7    -39      -38.9    -41      -39.5    -39      -39      -41      -38.9    -39      -39      -39      -39      -38.9    -39      -38.9    -39      -38.8    -39      -39      -41      -41      -39      -39      -39      -39      -39      -39      -39      -39      -39     
 -39.3    -39.3    -39.3    -39.3    -39.2    -39.2    -39.7    -39.2    -39.2    -39.2    -39.2    -39.7    -39.2    -39.2    -39.2    -39.7    -39.5    -39.2    -39.8    -39.2    -39.2    -40.2    -40.6    -39.2    -39.2    -47.5    -46.1    -39.6    -39.2    -42.5    -39.3    -39.2    -39.2    -39.2    -39.2    -40.7    -39.6    -39.3    -39.2    -40.7    -47.4    -39.2    -39.6    -40.6    -40.7    -40.6    -40.3    -39.6    -40.6    -39.6    -40.6    -39.5    -40.5    -40.3    -39.2    -39.2    -40.4    -40.4    -40.4    -40.3    -40.3    -40.3    -40.3    -40.3    -40.3   
 -40.4    -40.4    -40.4    -40.4    -40.6    -40.7    -38.6    -40.7    -40.7    -40.7    -40.2    -38.6    -41.1    -40.7    -40.5    -38.6    -38.6    -40.8    -38.6    -40.5    -40.8    -38.6    -38.6    -39      -40.5    -38.6    -38.6    -38.5    -51.9    -38.6    -40.3    -40.4    -51.8    -40.4    -51.8    -38.6    -38.5    -40.3    -39      -38.6    -38.6    -39.9    -38.5    -38.6    -38.6    -38.6    -38.6    -38.5    -38.6    -38.5    -38.6    -38.4    -38.6    -38.6    -39.9    -39.9    -38.6    -38.6    -38.6    -38.6    -38.6    -38.6    -38.6    -38.6    -38.6   
 -40      -40      -40      -40      -40.1    -40.2    -38.7    -40.2    -40.2    -40.2    -42.1    -38.7    -40.5    -40.2    -40.9    -38.7    -38.8    -40.6    -38.7    -40.9    -40.6    -38.7    -38.8    -39.6    -40      -38.8    -38.8    -38.7    -40.3    -38.8    -40      -40      -40.3    -40      -40.3    -38.8    -38.7    -40      -39.6    -38.8    -38.8    -45.3    -38.7    -38.8    -38.8    -38.8    -38.8    -38.7    -38.8    -38.7    -38.8    -38.6    -38.8    -38.8    -45.2    -45.2    -38.8    -38.8    -38.8    -38.8    -38.8    -38.8    -38.8    -38.8    -38.8   
 -38.9    -38.9    -38.9    -38.9    -38.8    -38.8    -39.1    -38.8    -38.8    -38.8    -38.8    -39.1    -38.8    -38.8    -38.8    -39.2    -39      -38.8    -39.2    -38.8    -38.8    -39.5    -39.9    -38.8    -38.8    -50      -43.2    -39.1    -38.8    -40.7    -38.9    -38.9    -38.8    -38.9    -38.8    -39.9    -39.1    -38.9    -38.8    -39.9    -50.4    -38.8    -39.1    -39.9    -39.9    -39.8    -39.7    -39.1    -39.9    -39.1    -39.8    -39      -39.8    -39.7    -38.8    -38.8    -39.7    -39.7    -39.7    -39.7    -39.6    -39.6    -39.6    -39.6    -39.6   
 -38.9    -38.9    -38.9    -38.9    -38.9    -38.9    -38.4    -38.9    -38.9    -38.9    -39.1    -38.4    -38.9    -38.9    -38.9    -38.4    -38.7    -38.9    -38.4    -38.9    -38.9    -38.4    -38.4    -52.6    -38.9    -38.4    -38.4    -38.3    -38.9    -38.4    -38.9    -38.9    -38.9    -38.9    -38.9    -38.4    -38.3    -38.9    -52.6    -38.4    -38.4    -39.1    -38.3    -38.4    -38.4    -38.4    -38.5    -38.3    -38.4    -38.3    -38.4    -38.2    -38.4    -38.5    -39.1    -39.1    -38.4    -38.4    -38.4    -38.5    -38.5    -38.5    -38.5    -38.5    -38.5   
 -40.2    -40.2    -40.2    -40.2    -40.3    -40.3    -38.8    -40.3    -40.3    -40.3    -42.2    -38.8    -40.7    -40.3    -41.1    -38.8    -38.9    -40.8    -38.8    -41.1    -40.8    -38.8    -38.9    -39.7    -40.2    -38.9    -38.9    -38.8    -40.4    -38.9    -40.2    -40.2    -40.4    -40.2    -40.4    -38.9    -38.8    -40.2    -39.7    -38.9    -38.9    -49.8    -38.8    -38.9    -38.9    -38.9    -38.9    -38.8    -38.9    -38.8    -38.9    -38.7    -38.9    -38.9    -49.7    -49.7    -38.9    -38.9    -38.9    -38.9    -38.9    -38.9    -38.9    -38.9    -38.9   
 -38.9    -38.9    -38.9    -38.9    -38.9    -38.9    -39.3    -38.9    -38.9    -38.9    -38.9    -39.3    -38.9    -38.9    -38.9    -39.3    -39.1    -38.9    -39.3    -38.9    -38.9    -39.6    -40      -38.9    -38.9    -50.9    -43.6    -39.2    -38.9    -41      -38.9    -38.9    -38.9    -38.9    -38.9    -40      -39.2    -38.9    -38.9    -40      -50.8    -38.9    -39.2    -40      -40      -40      -39.8    -39.2    -40      -39.2    -40      -39.1    -39.9    -39.8    -38.9    -38.9    -39.8    -39.8    -39.8    -39.8    -39.8    -39.8    -39.8    -39.7    -39.7   
 -38.9    -38.9    -38.9    -38.9    -38.9    -38.9    -39.2    -38.9    -38.9    -38.9    -38.9    -39.2    -38.9    -38.9    -38.9    -39.2    -39.1    -38.9    -39.3    -38.9    -38.9    -39.5    -39.9    -38.8    -38.9    -50.4    -43.4    -39.2    -38.9    -40.8    -38.9    -38.9    -38.9    -38.9    -38.9    -39.9    -39.1    -38.9    -38.8    -39.9    -50.8    -38.9    -39.1    -39.9    -39.9    -39.9    -39.7    -39.1    -39.9    -39.1    -39.9    -39.1    -39.8    -39.7    -38.9    -38.9    -39.8    -39.8    -39.7    -39.7    -39.7    -39.7    -39.7    -39.7    -39.7   
 -40      -40      -40      -40      -40      -40.1    -38.5    -40.1    -40.1    -40.1    -39.6    -38.5    -40.1    -40.1    -39.8    -38.5    -38.5    -40      -38.5    -39.8    -40      -38.5    -38.5    -38.9    -44.3    -38.5    -38.5    -38.4    -40.1    -38.5    -51.4    -45.1    -40.1    -45.7    -40.1    -38.5    -38.4    -51.5    -38.9    -38.5    -38.5    -39.5    -38.4    -38.5    -38.5    -38.5    -38.5    -38.4    -38.5    -38.4    -38.5    -38.3    -38.5    -38.5    -39.5    -39.5    -38.5    -38.5    -38.5    -38.5    -38.5    -38.5    -38.5    -38.5    -38.5   
 -39.5    -39.5    -39.5    -39.5    -39.5    -39.5    -41.4    -39.4    -39.5    -39.5    -39.4    -41.4    -39.4    -39.4    -39.4    -41.5    -41.2    -39.4    -42      -39.4    -39.4    -41.1    -39.9    -39.4    -39.5    -40      -40      -47.1    -39.4    -40.1    -39.5    -39.5    -39.4    -39.5    -39.4    -39.9    -47.6    -39.5    -39.4    -39.9    -40      -39.4    -47.6    -39.9    -39.9    -39.9    -39.9    -47.6    -39.9    -47.5    -39.9    -47.3    -39.9    -39.9    -39.4    -39.4    -39.9    -39.9    -39.9    -39.9    -39.9    -39.9    -39.9    -39.9    -39.9   
 -39.7    -39.7    -39.7    -39.7    -39.7    -39.7    -40.1    -39.7    -39.7    -39.7    -39.6    -40.1    -39.6    -39.7    -39.6    -40.1    -39.9    -39.6    -40.1    -39.6    -39.6    -40.4    -41.6    -39.6    -39.7    -41.1    -41.2    -40      -39.7    -41.4    -39.7    -39.7    -39.7    -39.7    -39.7    -41.7    -40      -39.7    -39.6    -41.7    -41.1    -39.6    -40      -41.6    -41.7    -41.6    -43.4    -40      -41.6    -40      -41.6    -39.9    -45.4    -43.1    -39.6    -39.6    -45.7    -45.9    -45.1    -42.9    -43.7    -43.4    -43.4    -43      -43     
 -39.1    -39.1    -39.1    -39.1    -39.1    -39.1    -39.4    -39.1    -39.1    -39.1    -39.1    -39.4    -39.1    -39.1    -39.1    -39.4    -39.2    -39.1    -39.4    -39.1    -39.1    -39.6    -40.4    -39.1    -39.1    -40.1    -40.1    -39.3    -39.1    -40.1    -39.1    -39.1    -39.1    -39.1    -39.1    -40.4    -39.3    -39.1    -39.1    -40.4    -40.1    -39.1    -39.3    -40.4    -40.4    -40.4    -41.2    -39.3    -40.4    -39.3    -40.4    -39.2    -41.4    -41.1    -39.1    -39.1    -43.1    -42.7    -43.2    -41.1    -48.3    -49.6    -49.6    -48.6    -47.8   
 -39.1    -39.1    -39.1    -39.1    -39.1    -39.1    -39.3    -39.1    -39.1    -39.1    -39.1    -39.3    -39.1    -39.1    -39.1    -39.3    -39.2    -39.1    -39.4    -39.1    -39.1    -39.6    -40.3    -39      -39.1    -40      -40      -39.3    -39.1    -40.1    -39.1    -39.1    -39.1    -39.1    -39.1    -40.3    -39.3    -39.1    -39      -40.3    -40      -39.1    -39.3    -40.3    -40.3    -40.3    -41.1    -39.3    -40.3    -39.3    -40.3    -39.2    -41.3    -41      -39.1    -39.1    -42.8    -42.4    -43      -41      -47.8    -49      -49      -49.1    -48.2   
 -39.1    -39.1    -39.1    -39.1    -39.1    -39.1    -39.3    -39.1    -39.1    -39.1    -39.1    -39.3    -39.1    -39.1    -39.1    -39.3    -39.2    -39.1    -39.4    -39.1    -39.1    -39.6    -40.3    -39      -39.1    -40      -40      -39.3    -39.1    -40.1    -39.1    -39.1    -39.1    -39.1    -39.1    -40.3    -39.3    -39.1    -39      -40.3    -40      -39.1    -39.3    -40.3    -40.3    -40.3    -41.1    -39.3    -40.3    -39.3    -40.3    -39.2    -41.3    -41      -39.1    -39.1    -42.8    -42.4    -43      -41      -47.8    -49      -49      -49.1    -48.2   
 -39      -39      -39      -39      -39      -39      -39.2    -39      -39      -39      -39      -39.2    -39      -39      -39      -39.2    -39.1    -39      -39.2    -39      -39      -39.4    -40.1    -38.9    -39      -39.8    -39.8    -39.1    -39      -39.9    -39      -39      -39      -39      -39      -40.1    -39.1    -39      -38.9    -40.1    -39.8    -39      -39.1    -40.1    -40.1    -40.1    -40.8    -39.1    -40.1    -39.1    -40.1    -39      -41      -40.7    -39      -39      -42.1    -41.8    -42.3    -40.7    -46.6    -47.6    -47.6    -49.6    -48.7   
 -39      -39      -39      -39      -39      -39      -39.2    -39      -39      -39      -39      -39.2    -39      -39      -39      -39.2    -39.1    -39      -39.3    -39      -39      -39.4    -40.1    -38.9    -39      -39.9    -39.9    -39.2    -39      -39.9    -39      -39      -39      -39      -39      -40.1    -39.2    -39      -38.9    -40.1    -39.9    -39      -39.2    -40.1    -40.1    -40.1    -40.8    -39.2    -40.1    -39.2    -40.1    -39.1    -41.1    -40.8    -39      -39      -42.2    -41.9    -42.3    -40.8    -46.7    -47.7    -47.7    -50.3    -49.4   
 -38.7    -38.7    -38.7    -38.7    -38.7    -38.7    -38.8    -38.7    -38.7    -38.7    -38.7    -38.8    -38.7    -38.7    -38.7    -38.8    -38.7    -38.7    -38.9    -38.7    -38.7    -39      -39.5    -38.6    -38.7    -39.3    -39.4    -38.8    -38.7    -39.4    -38.7    -38.7    -38.7    -38.7    -38.7    -39.5    -38.7    -38.7    -38.6    -39.5    -39.3    -38.7    -38.7    -39.5    -39.5    -39.5    -40.1    -38.7    -39.5    -38.7    -39.5    -38.7    -40.3    -40.1    -38.7    -38.7    -41.1    -40.9    -41.2    -40.1    -44.1    -44.9    -44.9    -46.8    -52.4   
 -38.7    -38.7    -38.7    -38.7    -38.7    -38.7    -38.8    -38.7    -38.7    -38.7    -38.7    -38.8    -38.7    -38.7    -38.7    -38.8    -38.7    -38.7    -38.9    -38.7    -38.7    -39      -39.5    -38.6    -38.7    -39.3    -39.4    -38.8    -38.7    -39.4    -38.7    -38.7    -38.7    -38.7    -38.7    -39.5    -38.7    -38.7    -38.6    -39.5    -39.3    -38.7    -38.7    -39.5    -39.5    -39.5    -40.1    -38.7    -39.5    -38.7    -39.5    -38.7    -40.3    -40.1    -38.7    -38.7    -41.1    -40.9    -41.2    -40.1    -44.1    -44.9    -44.9    -46.8    -52.4   
 -38.8    -38.8    -38.8    -38.8    -38.8    -38.8    -39      -38.8    -38.8    -38.8    -38.8    -39      -38.8    -38.8    -38.8    -39      -38.9    -38.8    -39      -38.8    -38.8    -39.2    -39.8    -38.7    -38.8    -39.5    -39.6    -38.9    -38.8    -39.6    -38.8    -38.8    -38.8    -38.8    -38.8    -39.8    -38.9    -38.8    -38.7    -39.8    -39.5    -38.8    -38.9    -39.8    -39.8    -39.8    -40.4    -38.9    -39.8    -38.9    -39.8    -38.8    -40.6    -40.4    -38.8    -38.8    -41.4    -41.3    -41.6    -40.4    -45      -45.9    -45.9    -48.1    -51.2   
 -38.9    -38.9    -38.9    -38.9    -38.9    -38.9    -38.4    -38.9    -38.9    -38.9    -39.1    -38.4    -38.9    -38.9    -38.9    -38.4    -38.7    -38.9    -38.4    -38.9    -38.9    -38.4    -38.4    -52.3    -38.9    -38.4    -38.4    -38.3    -38.9    -38.4    -38.9    -38.9    -38.9    -38.9    -38.9    -38.4    -38.3    -38.9    -52.4    -38.4    -38.4    -39.1    -38.3    -38.4    -38.4    -38.4    -38.4    -38.3    -38.4    -38.3    -38.4    -38.2    -38.4    -38.4    -39.1    -39.1    -38.4    -38.4    -38.4    -38.5    -38.5    -38.5    -38.5    -38.5    -38.5   
 -38.9    -38.9    -38.9    -38.9    -38.9    -38.9    -38.4    -38.9    -38.9    -38.9    -39.1    -38.4    -38.9    -38.9    -38.9    -38.4    -38.7    -38.9    -38.4    -38.9    -38.9    -38.4    -38.4    -52.4    -38.9    -38.4    -38.4    -38.3    -38.9    -38.4    -38.9    -38.9    -38.9    -38.9    -38.9    -38.4    -38.3    -38.9    -52.8    -38.4    -38.4    -39.1    -38.3    -38.4    -38.4    -38.4    -38.4    -38.3    -38.4    -38.3    -38.4    -38.2    -38.4    -38.5    -39.1    -39.1    -38.4    -38.4    -38.4    -38.5    -38.5    -38.5    -38.5    -38.5    -38.5   
 -40.9    -40.9    -40.9    -40.9    -41.1    -41.2    -38.9    -41.3    -41.2    -41.2    -41.5    -38.9    -42.7    -41.2    -42.2    -38.9    -38.9    -47.7    -38.9    -42.2    -47.7    -38.9    -38.9    -39.5    -41      -38.9    -38.9    -38.8    -41.6    -38.9    -40.8    -40.9    -41.5    -40.9    -41.5    -38.9    -38.8    -40.8    -39.5    -38.9    -38.9    -40.9    -38.8    -38.9    -38.9    -38.9    -38.9    -38.8    -38.9    -38.8    -38.9    -38.7    -38.9    -38.9    -40.9    -40.9    -38.9    -38.9    -38.9    -38.9    -38.9    -38.9    -38.9    -38.9    -39     
 -38.9    -38.9    -38.9    -38.9    -38.9    -38.9    -38.4    -38.9    -38.9    -38.9    -39.1    -38.4    -38.9    -38.9    -38.9    -38.4    -38.7    -38.9    -38.4    -38.9    -38.9    -38.4    -38.4    -52.7    -38.9    -38.4    -38.4    -38.3    -38.9    -38.4    -38.9    -38.9    -38.9    -38.9    -38.9    -38.4    -38.3    -38.9    -52.6    -38.4    -38.4    -39.1    -38.3    -38.4    -38.4    -38.4    -38.5    -38.3    -38.4    -38.3    -38.4    -38.2    -38.4    -38.5    -39.1    -39.1    -38.5    -38.4    -38.5    -38.5    -38.5    -38.5    -38.5    -38.5    -38.5   
 -38.9    -38.9    -38.9    -38.9    -38.9    -38.9    -38.4    -38.9    -38.9    -38.9    -39.1    -38.4    -38.9    -38.9    -39      -38.4    -38.8    -38.9    -38.4    -39      -38.9    -38.4    -38.5    -51.3    -38.9    -38.5    -38.5    -38.4    -38.9    -38.5    -38.9    -38.9    -38.9    -38.9    -38.9    -38.5    -38.3    -38.9    -51.5    -38.5    -38.5    -39.2    -38.3    -38.5    -38.5    -38.5    -38.5    -38.3    -38.5    -38.3    -38.5    -38.3    -38.5    -38.5    -39.2    -39.2    -38.5    -38.5    -38.5    -38.5    -38.5    -38.5    -38.5    -38.5    -38.5   
 -40.3    -40.3    -40.3    -40.3    -40.4    -40.5    -38.7    -40.5    -40.5    -40.5    -41.5    -38.7    -41.3    -40.5    -47.7    -38.7    -38.7    -41.5    -38.7    -49.1    -41.5    -38.7    -38.7    -39.3    -40.3    -38.7    -38.7    -38.6    -40.8    -38.7    -40.2    -40.3    -40.8    -40.3    -40.8    -38.7    -38.6    -40.2    -39.3    -38.7    -38.7    -40.7    -38.6    -38.7    -38.7    -38.7    -38.7    -38.6    -38.7    -38.6    -38.7    -38.5    -38.7    -38.7    -40.7    -40.7    -38.7    -38.7    -38.7    -38.7    -38.7    -38.7    -38.7    -38.7    -38.7   
 -41      -41      -41      -41      -41.3    -41.4    -39      -41.5    -41.4    -41.4    -41.7    -39      -43      -41.4    -42.4    -39      -39      -48.2    -39      -42.4    -48.2    -39      -39      -39.6    -41.2    -39      -39      -38.9    -41.8    -39      -41      -41.1    -41.8    -41.1    -41.8    -39      -38.9    -41      -39.6    -39      -39      -41      -38.9    -39      -39      -39      -39      -38.9    -39      -38.9    -39      -38.8    -39      -39      -41      -41      -39      -39      -39      -39      -39      -39      -39      -39      -39     
 -38.8    -38.8    -38.8    -38.8    -38.8    -38.8    -38.4    -38.8    -38.8    -38.8    -39      -38.4    -38.9    -38.8    -38.9    -38.4    -38.7    -38.9    -38.4    -38.9    -38.9    -38.4    -38.4    -52      -38.8    -38.4    -38.4    -38.3    -38.8    -38.4    -38.8    -38.8    -38.8    -38.8    -38.8    -38.4    -38.3    -38.8    -52.1    -38.4    -38.4    -39.1    -38.3    -38.4    -38.4    -38.4    -38.4    -38.3    -38.4    -38.3    -38.4    -38.2    -38.4    -38.4    -39.1    -39.1    -38.4    -38.4    -38.4    -38.4    -38.4    -38.4    -38.4    -38.4    -38.4   
 -41      -41      -41      -41      -41.3    -41.4    -39      -41.5    -41.4    -41.4    -41.7    -39      -43      -41.4    -42.4    -39      -39      -48.2    -39      -42.4    -48.2    -39      -39      -39.6    -41.2    -39      -39      -38.9    -41.8    -39      -41      -41.1    -41.8    -41.1    -41.8    -39      -38.9    -41      -39.6    -39      -39      -41      -38.9    -39      -39      -39      -39      -38.9    -39      -38.9    -39      -38.8    -39      -39      -41      -41      -39      -39      -39      -39      -39      -39      -39      -39      -39     
 -49.1    -49.1    -49.2    -48.8    -44.6    -41.5    -39      -41.5    -41.5    -41.5    -40.6    -39      -41.2    -41.5    -40.9    -39      -39      -41.1    -39      -40.9    -41.1    -39      -39.1    -39.5    -41.1    -39      -39      -38.9    -41.3    -39      -41      -41.1    -41.3    -41.1    -41.3    -39.1    -38.9    -41      -39.5    -39.1    -39.1    -40.4    -38.9    -39.1    -39.1    -39.1    -39.1    -38.9    -39.1    -38.9    -39.1    -38.8    -39.1    -39.1    -40.4    -40.4    -39.1    -39.1    -39.1    -39.1    -39.1    -39.1    -39.1    -39.1    -39.1   
 -40.6    -40.6    -40.6    -40.6    -40.7    -40.8    -38.8    -40.9    -40.8    -40.8    -42      -38.8    -41.8    -40.8    -49      -38.8    -38.9    -42      -38.8    -50.5    -42      -38.8    -38.9    -39.5    -40.6    -38.9    -38.9    -38.8    -41.1    -38.9    -40.5    -40.6    -41.1    -40.6    -41.1    -38.9    -38.7    -40.5    -39.5    -38.9    -38.9    -41.1    -38.7    -38.9    -38.9    -38.9    -38.9    -38.7    -38.9    -38.7    -38.9    -38.7    -38.9    -38.9    -41      -41      -38.9    -38.9    -38.9    -38.9    -38.9    -38.9    -38.9    -38.9    -38.9   
 -49.8    -49.8    -48.5    -48.1    -44.1    -41.3    -38.9    -41.3    -41.3    -41.3    -40.4    -38.9    -41      -41.3    -40.7    -38.9    -38.9    -40.9    -38.9    -40.7    -40.9    -38.9    -39      -39.4    -40.9    -39      -39      -38.8    -41.1    -38.9    -40.9    -40.9    -41.1    -40.9    -41.1    -39      -38.8    -40.9    -39.4    -39      -39      -40.3    -38.8    -39      -39      -39      -39      -38.8    -39      -38.8    -39      -38.7    -39      -39      -40.3    -40.3    -39      -39      -39      -39      -39      -39      -39      -39      -39     
 -50.2    -49.2    -48      -47.6    -43.8    -41.2    -38.9    -41.2    -41.2    -41.2    -40.3    -38.9    -40.9    -41.2    -40.6    -38.9    -38.9    -40.8    -38.8    -40.6    -40.8    -38.9    -38.9    -39.3    -40.8    -38.9    -38.9    -38.8    -41      -38.9    -40.7    -40.8    -40.9    -40.8    -40.9    -38.9    -38.8    -40.7    -39.3    -38.9    -38.9    -40.2    -38.8    -38.9    -38.9    -38.9    -38.9    -38.8    -38.9    -38.8    -38.9    -38.7    -38.9    -38.9    -40.2    -40.2    -38.9    -38.9    -38.9    -38.9    -38.9    -38.9    -38.9    -38.9    -38.9   
 -40.8    -40.8    -40.8    -40.8    -40.9    -41      -39      -41.1    -41.1    -41      -42.4    -39      -42.2    -41.1    -49.8    -38.9    -39      -42.4    -38.9    -49.8    -42.4    -39      -39      -39.6    -40.8    -39      -39      -38.9    -41.4    -39      -40.7    -40.8    -41.4    -40.8    -41.4    -39      -38.9    -40.7    -39.6    -39      -39      -41.3    -38.9    -39      -39      -39      -39      -38.9    -39      -38.9    -39      -38.8    -39      -39      -41.3    -41.3    -39      -39      -39      -39      -39      -39      -39      -39      -39     
 -49.8    -49.8    -48.5    -48.1    -44.1    -41.3    -38.9    -41.3    -41.3    -41.3    -40.4    -38.9    -41      -41.3    -40.7    -38.9    -38.9    -40.9    -38.9    -40.7    -40.9    -38.9    -39      -39.4    -40.9    -39      -39      -38.8    -41.1    -38.9    -40.9    -40.9    -41.1    -40.9    -41.1    -39      -38.8    -40.9    -39.4    -39      -39      -40.3    -38.8    -39      -39      -39      -39      -38.8    -39      -38.8    -39      -38.7    -39      -39      -40.3    -40.3    -39      -39      -39      -39      -39      -39      -39      -39      -39     
 -40.3    -40.3    -40.3    -40.3    -40.4    -40.6    -38.5    -40.6    -40.6    -40.6    -40.1    -38.5    -40.9    -40.6    -40.4    -38.5    -38.5    -40.6    -38.5    -40.4    -40.6    -38.5    -38.6    -39      -40.4    -38.6    -38.6    -38.4    -51.2    -38.6    -40.2    -40.3    -52.4    -40.3    -52.4    -38.6    -38.4    -40.2    -39      -38.6    -38.6    -39.8    -38.4    -38.6    -38.6    -38.6    -38.6    -38.4    -38.6    -38.4    -38.6    -38.3    -38.6    -38.6    -39.8    -39.8    -38.6    -38.6    -38.6    -38.6    -38.6    -38.6    -38.6    -38.6    -38.6   
 -48.2    -48.2    -48.3    -48.4    -44.5    -41.5    -39      -41.5    -41.5    -41.5    -40.6    -39      -41.1    -41.5    -40.9    -39      -39      -41.1    -39      -40.9    -41.1    -39      -39      -39.5    -41.1    -39      -39      -38.9    -41.2    -39      -41      -41      -41.2    -41      -41.2    -39      -38.9    -41      -39.5    -39      -39      -40.4    -38.9    -39      -39      -39      -39      -38.9    -39      -38.9    -39      -38.8    -39      -39      -40.4    -40.4    -39      -39      -39      -39      -39      -39      -39      -39      -39     
 -47.9    -47.9    -48      -48      -44.3    -41.4    -38.9    -41.4    -41.4    -41.4    -40.5    -38.9    -41      -41.4    -40.8    -38.9    -39      -41      -38.9    -40.8    -41      -38.9    -39      -39.4    -41      -39      -39      -38.9    -41.1    -39      -40.9    -40.9    -41.1    -40.9    -41.1    -39      -38.8    -40.9    -39.4    -39      -39      -40.3    -38.8    -39      -39      -39      -39      -38.8    -39      -38.9    -39      -38.8    -39      -39      -40.3    -40.3    -39      -39      -39      -39      -39      -39      -39      -39      -39     
 -40.3    -40.3    -40.3    -40.3    -40.4    -40.6    -38.5    -40.6    -40.6    -40.6    -40.1    -38.5    -40.9    -40.6    -40.4    -38.5    -38.5    -40.6    -38.5    -40.4    -40.6    -38.5    -38.6    -39      -40.4    -38.6    -38.6    -38.4    -51.2    -38.6    -40.2    -40.3    -52.4    -40.3    -52.4    -38.6    -38.4    -40.2    -39      -38.6    -38.6    -39.8    -38.4    -38.6    -38.6    -38.6    -38.6    -38.4    -38.6    -38.4    -38.6    -38.3    -38.6    -38.6    -39.8    -39.8    -38.6    -38.6    -38.6    -38.6    -38.6    -38.6    -38.6    -38.6    -38.6   
 -40.4    -40.4    -40.4    -40.4    -40.6    -40.7    -38.6    -40.8    -40.7    -40.7    -40.2    -38.6    -41.1    -40.7    -40.6    -38.6    -38.6    -40.8    -38.6    -40.6    -40.8    -38.6    -38.6    -39      -40.5    -38.6    -38.6    -38.5    -52      -38.6    -40.3    -40.4    -51.9    -40.4    -51.9    -38.6    -38.5    -40.3    -39      -38.6    -38.6    -40      -38.5    -38.6    -38.6    -38.6    -38.6    -38.5    -38.6    -38.5    -38.6    -38.4    -38.6    -38.6    -40      -40      -38.6    -38.6    -38.6    -38.6    -38.6    -38.6    -38.6    -38.6    -38.6   
 -41.4    -41.4    -41.4    -41.4    -41.6    -41.7    -39.5    -41.7    -41.7    -41.7    -46.5    -39.5    -42.9    -41.7    -44.1    -39.5    -39.5    -43.1    -39.5    -44.1    -43.1    -39.5    -39.5    -40.6    -41.5    -39.5    -39.5    -39.4    -42.1    -39.5    -41.4    -41.5    -42.1    -41.5    -42.1    -39.5    -39.4    -41.4    -40.6    -39.5    -39.5    -44      -39.4    -39.5    -39.5    -39.5    -39.5    -39.4    -39.5    -39.4    -39.5    -39.3    -39.5    -39.5    -43.9    -43.9    -39.5    -39.5    -39.5    -39.5    -39.5    -39.5    -39.5    -39.5    -39.5   
 -38.7    -38.7    -38.7    -38.7    -38.7    -38.7    -38.8    -38.7    -38.7    -38.7    -38.7    -38.8    -38.7    -38.7    -38.7    -38.8    -38.7    -38.7    -38.9    -38.7    -38.7    -39      -39.5    -38.6    -38.7    -39.3    -39.4    -38.8    -38.7    -39.4    -38.7    -38.7    -38.7    -38.7    -38.7    -39.5    -38.8    -38.7    -38.6    -39.5    -39.3    -38.7    -38.8    -39.5    -39.5    -39.5    -40.1    -38.8    -39.5    -38.8    -39.5    -38.7    -40.3    -40.1    -38.7    -38.7    -41.1    -40.9    -41.3    -40.1    -44.1    -44.9    -44.9    -46.9    -52.4   
 -41.9    -41.9    -41.9    -41.9    -42.1    -42.3    -39.5    -42.4    -42.3    -42.3    -44.6    -39.5    -44.3    -42.3    -45.7    -39.5    -39.6    -44.6    -39.5    -45.7    -44.6    -39.5    -39.6    -40.4    -42      -39.6    -39.6    -39.5    -42.8    -39.6    -41.8    -41.9    -42.7    -41.9    -42.7    -39.6    -39.5    -41.8    -40.4    -39.6    -39.6    -42.6    -39.5    -39.6    -39.6    -39.6    -39.6    -39.5    -39.6    -39.5    -39.6    -39.4    -39.6    -39.6    -42.6    -42.6    -39.6    -39.6    -39.6    -39.6    -39.6    -39.6    -39.6    -39.6    -39.6   
 -38.7    -38.7    -38.7    -38.7    -38.7    -38.7    -38.8    -38.7    -38.7    -38.7    -38.7    -38.8    -38.7    -38.7    -38.7    -38.8    -38.7    -38.7    -38.9    -38.7    -38.7    -39      -39.5    -38.6    -38.7    -39.3    -39.4    -38.8    -38.7    -39.4    -38.7    -38.7    -38.7    -38.7    -38.7    -39.5    -38.8    -38.7    -38.6    -39.5    -39.3    -38.7    -38.8    -39.5    -39.5    -39.5    -40.1    -38.8    -39.5    -38.8    -39.5    -38.7    -40.3    -40.1    -38.7    -38.7    -41.1    -40.9    -41.3    -40.1    -44.1    -44.9    -44.9    -46.9    -52.4   
 -40      -40      -40      -40      -40      -40.1    -38.7    -40.1    -40.1    -40.1    -41.5    -38.7    -40.4    -40.1    -40.7    -38.7    -38.7    -40.5    -38.7    -40.7    -40.5    -38.7    -38.7    -39.5    -40      -38.7    -38.7    -38.6    -40.2    -38.7    -39.9    -40      -40.2    -39.9    -40.2    -38.7    -38.6    -39.9    -39.5    -38.7    -38.7    -50.5    -38.6    -38.7    -38.7    -38.7    -38.7    -38.6    -38.7    -38.6    -38.7    -38.5    -38.7    -38.7    -51.2    -51.2    -38.7    -38.7    -38.7    -38.7    -38.7    -38.7    -38.7    -38.8    -38.8   
 -41.4    -41.4    -41.4    -41.4    -41.6    -41.7    -39.5    -41.7    -41.7    -41.7    -46.5    -39.5    -42.9    -41.7    -44.1    -39.5    -39.5    -43.1    -39.5    -44.1    -43.1    -39.5    -39.5    -40.6    -41.5    -39.5    -39.5    -39.4    -42.1    -39.5    -41.4    -41.5    -42.1    -41.5    -42.1    -39.5    -39.4    -41.4    -40.6    -39.5    -39.5    -44      -39.4    -39.5    -39.5    -39.5    -39.5    -39.4    -39.5    -39.4    -39.5    -39.3    -39.5    -39.5    -43.9    -43.9    -39.5    -39.5    -39.5    -39.5    -39.5    -39.5    -39.5    -39.5    -39.5   
 -39.9    -39.9    -39.9    -39.9    -39.9    -40      -38.7    -40      -40      -40      -41.4    -38.7    -40.3    -40      -40.7    -38.7    -38.7    -40.4    -38.6    -40.7    -40.4    -38.7    -38.7    -39.4    -39.9    -38.7    -38.7    -38.6    -40.1    -38.7    -39.9    -39.9    -40.1    -39.9    -40.1    -38.7    -38.6    -39.9    -39.5    -38.7    -38.7    -50.1    -38.6    -38.7    -38.7    -38.7    -38.7    -38.6    -38.7    -38.6    -38.7    -38.5    -38.7    -38.7    -51.5    -51.5    -38.7    -38.7    -38.7    -38.7    -38.7    -38.7    -38.7    -38.7    -38.7   
 -46.6    -46.6    -46.7    -46.7    -46.5    -42      -39.1    -42      -42      -42      -40.8    -39.1    -41.6    -42      -41.1    -39.1    -39.2    -41.4    -39.1    -41.1    -41.4    -39.1    -39.2    -39.7    -41.4    -39.2    -39.2    -39      -41.6    -39.2    -41.3    -41.4    -41.6    -41.4    -41.6    -39.2    -39      -41.3    -39.7    -39.2    -39.2    -40.7    -39      -39.2    -39.2    -39.2    -39.2    -39      -39.2    -39      -39.2    -39      -39.2    -39.2    -40.7    -40.7    -39.2    -39.2    -39.2    -39.2    -39.2    -39.2    -39.2    -39.2    -39.2   
 -40      -40      -40      -40      -40.1    -40.1    -38.7    -40.1    -40.1    -40.1    -41.7    -38.7    -40.5    -40.1    -40.8    -38.7    -38.8    -40.6    -38.7    -40.8    -40.6    -38.7    -38.8    -39.6    -40      -38.8    -38.8    -38.7    -40.2    -38.8    -40      -40      -40.2    -40      -40.2    -38.8    -38.6    -40      -39.6    -38.8    -38.8    -51      -38.6    -38.8    -38.8    -38.8    -38.8    -38.6    -38.8    -38.6    -38.8    -38.6    -38.8    -38.8    -50.8    -50.8    -38.8    -38.8    -38.8    -38.8    -38.8    -38.8    -38.8    -38.8    -38.8   
 -40.9    -40.9    -40.9    -40.9    -40.9    -41      -39.4    -41      -41      -41      -44.4    -39.4    -41.6    -41      -42.6    -39.4    -39.5    -41.8    -39.4    -42.5    -41.8    -39.4    -39.4    -41      -40.9    -39.4    -39.4    -39.3    -41.3    -39.4    -40.8    -40.9    -41.3    -40.9    -41.3    -39.4    -39.3    -40.8    -41      -39.4    -39.4    -43.5    -39.3    -39.4    -39.4    -39.4    -39.4    -39.3    -39.4    -39.3    -39.4    -39.2    -39.4    -39.4    -43.4    -43.4    -39.4    -39.4    -39.4    -39.4    -39.4    -39.4    -39.4    -39.4    -39.4   
 -41.7    -41.7    -41.7    -41.7    -41.9    -42      -39.5    -42.1    -42      -42      -45.3    -39.5    -43.7    -42.1    -45      -39.5    -39.5    -43.9    -39.5    -45      -43.9    -39.5    -39.6    -40.4    -41.7    -39.5    -39.5    -39.4    -42.4    -39.5    -41.6    -41.7    -42.4    -41.7    -42.4    -39.6    -39.4    -41.6    -40.4    -39.6    -39.5    -43.1    -39.4    -39.6    -39.6    -39.6    -39.6    -39.4    -39.6    -39.4    -39.6    -39.3    -39.6    -39.6    -43.1    -43.1    -39.6    -39.6    -39.6    -39.6    -39.6    -39.6    -39.6    -39.6    -39.6   
 -41.2    -41.2    -41.2    -41.2    -41.3    -41.4    -39.5    -41.4    -41.4    -41.4    -45.4    -39.5    -42.2    -41.4    -43.3    -39.5    -39.5    -42.4    -39.4    -43.2    -42.4    -39.5    -39.5    -40.8    -41.2    -39.5    -39.5    -39.4    -41.7    -39.5    -41.1    -41.2    -41.7    -41.2    -41.7    -39.5    -39.4    -41.1    -40.8    -39.5    -39.5    -44.3    -39.4    -39.5    -39.5    -39.5    -39.5    -39.4    -39.5    -39.4    -39.5    -39.3    -39.5    -39.5    -44.2    -44.2    -39.5    -39.5    -39.5    -39.5    -39.5    -39.5    -39.5    -39.5    -39.5   
 -41.3    -41.3    -41.3    -41.3    -41.5    -41.6    -39.5    -41.6    -41.6    -41.6    -46      -39.5    -42.6    -41.6    -43.7    -39.5    -39.5    -42.8    -39.5    -43.7    -42.8    -39.5    -39.5    -40.6    -41.4    -39.5    -39.5    -39.4    -41.9    -39.5    -41.3    -41.4    -41.9    -41.4    -41.9    -39.5    -39.4    -41.3    -40.6    -39.5    -39.5    -44.4    -39.4    -39.5    -39.5    -39.5    -39.5    -39.4    -39.5    -39.4    -39.5    -39.3    -39.5    -39.5    -44.3    -44.3    -39.5    -39.5    -39.5    -39.5    -39.5    -39.5    -39.5    -39.5    -39.5   
 -41.4    -41.4    -41.4    -41.4    -41.6    -41.7    -39.5    -41.7    -41.7    -41.7    -46.5    -39.5    -42.9    -41.7    -44.1    -39.5    -39.5    -43.1    -39.5    -44.1    -43.1    -39.5    -39.5    -40.6    -41.5    -39.5    -39.5    -39.4    -42.1    -39.5    -41.4    -41.5    -42.1    -41.5    -42.1    -39.5    -39.4    -41.4    -40.6    -39.5    -39.5    -44      -39.4    -39.5    -39.5    -39.5    -39.5    -39.4    -39.5    -39.4    -39.5    -39.3    -39.5    -39.5    -43.9    -43.9    -39.5    -39.5    -39.5    -39.5    -39.5    -39.5    -39.5    -39.5    -39.5   
 -38.7    -38.7    -38.7    -38.7    -38.7    -38.7    -39      -38.7    -38.7    -38.7    -38.7    -39      -38.7    -38.7    -38.7    -39      -38.9    -38.7    -39.1    -38.7    -38.7    -39.3    -39.6    -38.7    -38.7    -48.8    -42.6    -38.9    -38.7    -40.4    -38.7    -38.7    -38.7    -38.7    -38.7    -39.6    -38.9    -38.7    -38.7    -39.6    -49.4    -38.7    -38.9    -39.6    -39.6    -39.6    -39.5    -38.9    -39.6    -38.9    -39.6    -38.8    -39.6    -39.5    -38.7    -38.7    -39.5    -39.5    -39.5    -39.5    -39.4    -39.4    -39.4    -39.4    -39.4   
 -38.9    -38.9    -38.9    -38.9    -38.9    -38.9    -39.2    -38.9    -38.9    -38.9    -38.8    -39.2    -38.9    -38.9    -38.8    -39.2    -39      -38.9    -39.3    -38.8    -38.9    -39.5    -39.9    -38.8    -38.9    -50.2    -43.3    -39.1    -38.9    -40.8    -38.9    -38.9    -38.9    -38.9    -38.9    -39.9    -39.1    -38.9    -38.8    -39.9    -50.8    -38.8    -39.1    -39.9    -39.9    -39.9    -39.7    -39.1    -39.9    -39.1    -39.9    -39      -39.8    -39.7    -38.8    -38.8    -39.7    -39.7    -39.7    -39.7    -39.7    -39.7    -39.7    -39.6    -39.6   
 -43.2    -43.2    -43.2    -43.2    -44.5    -43.7    -39.5    -44.2    -43.8    -43.8    -41.9    -39.5    -43.7    -43.9    -42.4    -39.5    -39.6    -43.2    -39.5    -42.4    -43.2    -39.5    -39.6    -40.2    -42.6    -39.6    -39.6    -39.4    -43.3    -39.6    -42.3    -42.5    -43.2    -42.5    -43.2    -39.6    -39.4    -42.3    -40.2    -39.6    -39.6    -41.5    -39.4    -39.6    -39.6    -39.6    -39.6    -39.4    -39.6    -39.4    -39.6    -39.4    -39.6    -39.6    -41.5    -41.5    -39.6    -39.6    -39.6    -39.6    -39.6    -39.6    -39.6    -39.6    -39.6   
 -45.3    -45.3    -45.3    -45.3    -48.1    -42.3    -39.2    -42.4    -42.3    -42.3    -41      -39.2    -41.9    -42.3    -41.4    -39.2    -39.2    -41.8    -39.2    -41.4    -41.8    -39.2    -39.3    -39.8    -41.6    -39.3    -39.2    -39.1    -42      -39.2    -41.5    -41.6    -42      -41.6    -42      -39.3    -39.1    -41.5    -39.8    -39.3    -39.3    -40.9    -39.1    -39.3    -39.3    -39.3    -39.3    -39.1    -39.3    -39.1    -39.3    -39      -39.3    -39.3    -40.8    -40.8    -39.3    -39.3    -39.3    -39.3    -39.3    -39.3    -39.3    -39.3    -39.3   
 -38.9    -38.9    -38.9    -38.9    -38.9    -38.9    -39.2    -38.9    -38.9    -38.9    -38.9    -39.2    -38.9    -38.9    -38.9    -39.2    -39.1    -38.9    -39.3    -38.9    -38.9    -39.6    -39.9    -38.8    -38.9    -50.4    -43.4    -39.2    -38.9    -40.8    -38.9    -38.9    -38.9    -38.9    -38.9    -39.9    -39.1    -38.9    -38.8    -39.9    -50.9    -38.9    -39.1    -39.9    -39.9    -39.9    -39.7    -39.1    -39.9    -39.1    -39.9    -39.1    -39.8    -39.7    -38.9    -38.9    -39.8    -39.8    -39.7    -39.7    -39.7    -39.7    -39.7    -39.7    -39.7   
 -39.5    -39.5    -39.5    -39.5    -39.5    -39.5    -41.3    -39.5    -39.5    -39.5    -39.5    -41.3    -39.5    -39.5    -39.5    -41.6    -46      -39.5    -42.1    -39.5    -39.5    -41.1    -39.7    -40.1    -39.5    -39.8    -39.8    -41.1    -39.5    -39.8    -39.5    -39.5    -39.5    -39.5    -39.5    -39.7    -41      -39.5    -40.1    -39.7    -39.8    -39.5    -41      -39.7    -39.7    -39.7    -39.7    -41      -39.7    -41      -39.7    -41      -39.7    -39.7    -39.5    -39.5    -39.7    -39.7    -39.7    -39.7    -39.7    -39.7    -39.7    -39.7    -39.7   
 -38.9    -38.9    -38.9    -38.9    -38.9    -38.9    -39.1    -38.9    -38.9    -38.9    -38.9    -39.1    -38.9    -38.9    -38.9    -39.1    -39      -38.9    -39.1    -38.9    -38.9    -39.3    -40      -38.8    -38.9    -39.7    -39.7    -39      -38.9    -39.8    -38.9    -38.9    -38.9    -38.9    -38.9    -40      -39      -38.9    -38.8    -40      -39.7    -38.9    -39      -40      -40      -40      -45.7    -39      -40      -39      -40      -38.9    -41      -46.5    -38.9    -38.9    -41      -41      -40.9    -51.2    -40.6    -40.6    -40.6    -40.6    -40.5   
 -39.1    -39.1    -39.1    -39.1    -39.1    -39.1    -39.3    -39.1    -39.1    -39.1    -39.1    -39.3    -39.1    -39.1    -39.1    -39.3    -39.2    -39.1    -39.4    -39.1    -39.1    -39.5    -40.3    -39      -39.1    -40      -40.1    -39.3    -39.1    -40.1    -39.1    -39.1    -39.1    -39.1    -39.1    -40.4    -39.3    -39.1    -39      -40.4    -40      -39.1    -39.3    -40.3    -40.4    -40.3    -47.2    -39.3    -40.3    -39.3    -40.3    -39.2    -41.5    -48.5    -39.1    -39.1    -41.4    -41.5    -41.4    -47.7    -41.1    -41      -41      -41      -41     
 -38.9    -38.9    -38.9    -38.9    -38.9    -38.9    -39.3    -38.9    -38.9    -38.9    -38.9    -39.3    -38.9    -38.9    -38.9    -39.3    -39.1    -38.9    -39.4    -38.9    -38.9    -39.6    -40      -38.9    -38.9    -51      -43.6    -39.2    -38.9    -41      -38.9    -38.9    -38.9    -38.9    -38.9    -40      -39.2    -38.9    -38.9    -40      -50.8    -38.9    -39.2    -40      -40      -40      -39.8    -39.2    -40      -39.2    -40      -39.1    -39.9    -39.8    -38.9    -38.9    -39.8    -39.9    -39.8    -39.8    -39.8    -39.8    -39.8    -39.8    -39.8   
 -39.1    -39.1    -39.1    -39.1    -39.1    -39.1    -39.3    -39.1    -39.1    -39.1    -39      -39.3    -39      -39.1    -39      -39.3    -39.2    -39      -39.3    -39      -39      -39.5    -40.3    -39      -39.1    -40      -40      -39.2    -39.1    -40.1    -39.1    -39.1    -39.1    -39.1    -39.1    -40.3    -39.2    -39.1    -39      -40.3    -40      -39      -39.2    -40.3    -40.3    -40.3    -46.9    -39.2    -40.3    -39.2    -40.3    -39.2    -41.4    -47.7    -39      -39      -41.4    -41.4    -41.3    -50.1    -41      -40.9    -40.9    -40.9    -40.9   
 -38.9    -38.9    -38.9    -38.9    -38.9    -38.9    -39.1    -38.9    -38.9    -38.9    -38.8    -39.1    -38.9    -38.9    -38.9    -39.1    -38.9    -38.9    -39.1    -38.9    -38.9    -39.3    -40      -38.8    -38.9    -39.7    -39.7    -39      -38.9    -39.8    -38.9    -38.9    -38.9    -38.9    -38.9    -40      -39      -38.9    -38.8    -40      -39.7    -38.8    -39      -40      -40      -40      -45.8    -39      -40      -39      -40      -38.9    -41      -46.9    -38.8    -38.8    -40.9    -41      -40.9    -46.2    -40.6    -40.5    -40.5    -40.5    -40.5   
 -39.3    -39.3    -39.3    -39.3    -39.2    -39.2    -39.5    -39.2    -39.2    -39.2    -39.2    -39.5    -39.2    -39.2    -39.2    -39.5    -39.4    -39.2    -39.6    -39.2    -39.2    -39.8    -40.6    -39.2    -39.2    -40.3    -40.3    -39.5    -39.2    -40.4    -39.3    -39.2    -39.2    -39.2    -39.2    -40.6    -39.5    -39.3    -39.2    -40.6    -40.3    -39.2    -39.5    -40.6    -40.6    -40.6    -48.5    -39.5    -40.6    -39.5    -40.6    -39.4    -42.1    -48.8    -39.2    -39.2    -41.8    -41.8    -41.8    -48.5    -41.5    -41.4    -41.4    -41.3    -41.3   
 -39.2    -39.2    -39.2    -39.2    -39.2    -39.2    -39.5    -39.2    -39.2    -39.2    -39.2    -39.5    -39.2    -39.2    -39.2    -39.5    -39.3    -39.2    -39.5    -39.2    -39.2    -39.7    -40.6    -39.1    -39.2    -40.2    -40.3    -39.4    -39.2    -40.3    -39.2    -39.2    -39.2    -39.2    -39.2    -40.6    -39.4    -39.2    -39.1    -40.6    -40.2    -39.2    -39.4    -40.6    -40.6    -40.6    -49.3    -39.4    -40.6    -39.4    -40.6    -39.3    -42.1    -47.9    -39.2    -39.2    -41.7    -41.8    -41.7    -47.6    -41.4    -41.3    -41.3    -41.2    -41.2   
 -38.9    -38.9    -38.9    -38.9    -38.9    -38.9    -39.1    -38.9    -38.9    -38.9    -38.9    -39.1    -38.9    -38.9    -38.9    -39.1    -39      -38.9    -39.2    -38.9    -38.9    -39.3    -40.1    -38.9    -38.9    -39.8    -39.8    -39.1    -38.9    -39.9    -38.9    -38.9    -38.9    -38.9    -38.9    -40.1    -39.1    -38.9    -38.9    -40.1    -39.8    -38.9    -39.1    -40.1    -40.1    -40.1    -41      -39.1    -40.1    -39.1    -40.1    -39      -41.8    -41      -38.9    -38.9    -43.7    -43.3    -51.1    -41      -42.7    -42.4    -42.4    -42      -42     
 -38.9    -38.9    -38.9    -38.9    -38.9    -38.9    -49.5    -38.9    -38.9    -38.9    -38.8    -49.8    -38.9    -38.9    -38.9    -47.1    -40.2    -38.9    -40.4    -38.9    -38.9    -40      -39.2    -38.8    -38.9    -39.2    -39.2    -40.2    -38.9    -39.3    -38.9    -38.9    -38.9    -38.9    -38.9    -39.2    -40.1    -38.9    -38.8    -39.2    -39.2    -38.8    -40.1    -39.2    -39.2    -39.2    -39.1    -40.1    -39.2    -40.1    -39.2    -40      -39.1    -39.1    -38.8    -38.8    -39.1    -39.1    -39.1    -39.1    -39.1    -39.1    -39.1    -39.1    -39.1   
 -39      -39      -39      -39      -39      -39      -50.3    -39      -39      -39      -38.9    -50.6    -38.9    -39      -38.9    -47.7    -40.4    -38.9    -40.5    -38.9    -38.9    -40.2    -39.3    -38.9    -39      -39.3    -39.3    -40.3    -39      -39.4    -39      -39      -39      -39      -39      -39.3    -40.3    -39      -38.9    -39.3    -39.3    -38.9    -40.3    -39.3    -39.3    -39.3    -39.2    -40.3    -39.3    -40.3    -39.3    -40.2    -39.2    -39.2    -38.9    -38.9    -39.2    -39.2    -39.2    -39.2    -39.2    -39.2    -39.2    -39.2    -39.2   
 -39.3    -39.3    -39.3    -39.3    -39.3    -39.3    -39.7    -39.3    -39.3    -39.3    -39.2    -39.7    -39.2    -39.3    -39.2    -39.7    -39.5    -39.2    -39.8    -39.2    -39.2    -40.2    -40.6    -39.2    -39.3    -47.6    -46.1    -39.7    -39.2    -42.5    -39.3    -39.3    -39.2    -39.3    -39.2    -40.7    -39.6    -39.3    -39.2    -40.7    -47.5    -39.2    -39.6    -40.6    -40.7    -40.6    -40.3    -39.6    -40.6    -39.6    -40.6    -39.6    -40.5    -40.3    -39.2    -39.2    -40.4    -40.4    -40.4    -40.3    -40.3    -40.3    -40.3    -40.3    -40.3   
 -39.7    -39.7    -39.7    -39.7    -39.7    -39.7    -42.2    -39.7    -39.7    -39.7    -39.7    -42.4    -39.7    -39.7    -39.7    -42.8    -45.5    -39.7    -43.4    -39.7    -39.7    -42.3    -40.1    -39.9    -39.7    -40.2    -40.3    -42.1    -39.7    -40.4    -39.7    -39.7    -39.7    -39.7    -39.7    -40.1    -41.9    -39.7    -39.9    -40.1    -40.2    -39.7    -41.9    -40.1    -40.1    -40.1    -40.1    -41.9    -40.1    -41.8    -40.1    -41.8    -40.1    -40.1    -39.7    -39.7    -40.1    -40.1    -40.1    -40.1    -40.1    -40.1    -40.1    -40.1    -40.1   
 -39.2    -39.2    -39.2    -39.2    -39.1    -39.1    -39.4    -39.1    -39.1    -39.1    -39.1    -39.4    -39.1    -39.1    -39.1    -39.4    -39.2    -39.1    -39.4    -39.1    -39.1    -39.6    -40.4    -39.1    -39.1    -40.1    -40.1    -39.3    -39.1    -40.2    -39.2    -39.1    -39.1    -39.1    -39.1    -40.4    -39.3    -39.2    -39.1    -40.4    -40.1    -39.1    -39.3    -40.4    -40.4    -40.4    -41.2    -39.3    -40.4    -39.3    -40.4    -39.2    -41.4    -41.2    -39.1    -39.1    -43.1    -42.7    -43.3    -41.1    -48.4    -49.6    -49.6    -48.6    -47.8   
 -39.7    -39.7    -39.7    -39.7    -39.7    -39.7    -42.2    -39.7    -39.7    -39.7    -39.7    -42.4    -39.7    -39.7    -39.7    -42.8    -45.5    -39.7    -43.4    -39.7    -39.7    -42.3    -40.1    -39.9    -39.7    -40.2    -40.3    -42.1    -39.7    -40.4    -39.7    -39.7    -39.7    -39.7    -39.7    -40.1    -41.9    -39.7    -39.9    -40.1    -40.2    -39.7    -41.9    -40.1    -40.1    -40.1    -40.1    -41.9    -40.1    -41.8    -40.1    -41.8    -40.1    -40.1    -39.7    -39.7    -40.1    -40.1    -40.1    -40.1    -40.1    -40.1    -40.1    -40.1    -40.1   
 -39.1    -39.1    -39.1    -39.1    -39.1    -39.1    -39.3    -39.1    -39.1    -39.1    -39      -39.3    -39.1    -39.1    -39      -39.3    -39.2    -39.1    -39.3    -39      -39.1    -39.5    -40.2    -39      -39.1    -40      -40      -39.2    -39.1    -40      -39.1    -39.1    -39.1    -39.1    -39.1    -40.2    -39.2    -39.1    -39      -40.2    -40      -39      -39.2    -40.2    -40.2    -40.2    -41      -39.2    -40.2    -39.2    -40.2    -39.1    -41.2    -40.9    -39      -39      -42.5    -42.2    -42.7    -40.9    -47.3    -48.4    -48.4    -49.8    -48.9   
 -39      -39      -39      -39      -39      -39      -50.2    -39      -39      -39      -39      -50.6    -39      -39      -39      -48      -40.4    -39      -40.6    -39      -39      -40.2    -39.3    -38.9    -39      -39.4    -39.4    -40.4    -39      -39.4    -39      -39      -39      -39      -39      -39.3    -40.4    -39      -38.9    -39.3    -39.4    -39      -40.4    -39.3    -39.3    -39.3    -39.3    -40.4    -39.3    -40.4    -39.3    -40.3    -39.3    -39.3    -39      -39      -39.3    -39.3    -39.3    -39.3    -39.2    -39.2    -39.2    -39.2    -39.2   
 -39.3    -39.3    -39.3    -39.3    -39.3    -39.3    -41      -39.3    -39.3    -39.3    -39.2    -41      -39.2    -39.3    -39.2    -41      -40.8    -39.2    -41.4    -39.2    -39.2    -40.8    -39.7    -39.2    -39.3    -39.8    -39.8    -45.8    -39.3    -39.8    -39.3    -39.3    -39.3    -39.3    -39.3    -39.7    -47.8    -39.3    -39.2    -39.7    -39.8    -39.2    -47.8    -39.7    -39.7    -39.7    -39.6    -47.8    -39.7    -49.1    -39.7    -46      -39.6    -39.6    -39.2    -39.2    -39.6    -39.6    -39.6    -39.6    -39.6    -39.6    -39.6    -39.6    -39.6   
 -39      -39      -39      -39      -39      -39      -50.2    -39      -39      -39      -39      -50.6    -39      -39      -39      -48      -40.4    -39      -40.6    -39      -39      -40.2    -39.3    -38.9    -39      -39.4    -39.4    -40.4    -39      -39.4    -39      -39      -39      -39      -39      -39.3    -40.4    -39      -38.9    -39.3    -39.4    -39      -40.4    -39.3    -39.3    -39.3    -39.3    -40.4    -39.3    -40.4    -39.3    -40.3    -39.3    -39.3    -39      -39      -39.3    -39.3    -39.3    -39.3    -39.2    -39.2    -39.2    -39.2    -39.2   
 -39.4    -39.4    -39.4    -39.4    -39.4    -39.4    -39.7    -39.4    -39.4    -39.4    -39.3    -39.7    -39.4    -39.4    -39.4    -39.7    -39.5    -39.4    -39.8    -39.4    -39.4    -40      -40.9    -39.3    -39.4    -40.5    -40.6    -39.6    -39.4    -40.7    -39.4    -39.4    -39.4    -39.4    -39.4    -40.9    -39.6    -39.4    -39.3    -40.9    -40.5    -39.3    -39.6    -40.9    -40.9    -40.9    -47      -39.6    -40.9    -39.6    -40.9    -39.6    -43.3    -46.6    -39.3    -39.3    -42.8    -42.9    -42.4    -46.3    -41.9    -41.9    -41.9    -41.8    -41.7   
 -39.2    -39.2    -39.2    -39.2    -39.2    -39.2    -40.8    -39.2    -39.2    -39.2    -39.2    -40.8    -39.2    -39.2    -39.2    -40.9    -40.7    -39.2    -41.2    -39.2    -39.2    -40.6    -39.6    -39.1    -39.2    -39.7    -39.7    -45.5    -39.2    -39.7    -39.2    -39.2    -39.2    -39.2    -39.2    -39.6    -45.9    -39.2    -39.1    -39.6    -39.7    -39.2    -45.9    -39.6    -39.6    -39.6    -39.5    -45.9    -39.6    -45.8    -39.6    -49.4    -39.6    -39.5    -39.2    -39.2    -39.5    -39.5    -39.5    -39.5    -39.5    -39.5    -39.5    -39.5    -39.5   
 -39.8    -39.8    -39.8    -39.8    -39.8    -39.8    -42.8    -39.8    -39.8    -39.8    -39.8    -43      -39.8    -39.8    -39.8    -43.5    -44.4    -39.8    -44.2    -39.8    -39.8    -42.8    -40.4    -39.8    -39.8    -40.5    -40.5    -42.7    -39.8    -40.6    -39.8    -39.8    -39.8    -39.8    -39.8    -40.4    -42.4    -39.8    -39.8    -40.4    -40.5    -39.8    -42.4    -40.4    -40.4    -40.4    -40.3    -42.4    -40.4    -42.4    -40.4    -42.2    -40.3    -40.3    -39.8    -39.8    -40.3    -40.3    -40.3    -40.3    -40.3    -40.3    -40.3    -40.3    -40.3   
 -39.6    -39.6    -39.6    -39.6    -39.6    -39.6    -40      -39.6    -39.6    -39.6    -39.6    -40      -39.6    -39.6    -39.6    -40      -39.8    -39.6    -40      -39.6    -39.6    -40.3    -41.4    -39.5    -39.6    -40.9    -41      -39.9    -39.6    -41.1    -39.6    -39.6    -39.6    -39.6    -39.6    -41.5    -39.9    -39.6    -39.5    -41.5    -40.9    -39.6    -39.9    -41.4    -41.5    -41.4    -42.8    -39.9    -41.4    -39.9    -41.4    -39.8    -44.7    -42.7    -39.6    -39.6    -46.8    -47      -46.1    -42.7    -44.6    -44.1    -44.1    -43.6    -43.4   
 -39.2    -39.2    -39.2    -39.2    -39.1    -39.1    -39.4    -39.1    -39.1    -39.1    -39.1    -39.4    -39.1    -39.1    -39.1    -39.4    -39.2    -39.1    -39.4    -39.1    -39.1    -39.6    -40.4    -39.1    -39.1    -40.1    -40.1    -39.3    -39.1    -40.2    -39.2    -39.1    -39.1    -39.1    -39.1    -40.4    -39.3    -39.2    -39.1    -40.4    -40.1    -39.1    -39.3    -40.4    -40.4    -40.4    -41.2    -39.3    -40.4    -39.3    -40.4    -39.2    -41.4    -41.2    -39.1    -39.1    -43.1    -42.7    -43.3    -41.1    -48.4    -49.6    -49.6    -48.6    -47.8   
 -38.4    -38.4    -38.4    -38.4    -38.4    -38.4    -38.6    -38.4    -38.4    -38.4    -38.4    -38.6    -38.4    -38.4    -38.4    -38.6    -38.5    -38.4    -38.7    -38.4    -38.4    -38.9    -39.2    -38.4    -38.4    -41.9    -41.9    -38.6    -38.4    -40      -38.4    -38.4    -38.4    -38.4    -38.4    -39.2    -38.5    -38.4    -38.4    -39.2    -41.8    -38.4    -38.5    -39.2    -39.2    -39.2    -39      -38.5    -39.2    -38.5    -39.2    -38.5    -39.1    -39      -38.4    -38.4    -39      -39.1    -39      -39      -39      -39      -39      -39      -39     
 -39.1    -39.1    -39.1    -39.1    -39.1    -39.1    -40.7    -39.1    -39.1    -39.1    -39.1    -40.7    -39.1    -39.1    -39.1    -40.7    -40.5    -39.1    -41      -39.1    -39.1    -40.5    -39.5    -39      -39.1    -39.6    -39.6    -45      -39.1    -39.6    -39.1    -39.1    -39.1    -39.1    -39.1    -39.5    -46.8    -39.1    -39      -39.5    -39.6    -39.1    -46.8    -39.5    -39.5    -39.5    -39.4    -46.8    -39.5    -48      -39.5    -45.2    -39.5    -39.4    -39.1    -39.1    -39.4    -39.4    -39.4    -39.4    -39.4    -39.4    -39.4    -39.4    -39.4   
 -38.7    -38.7    -38.7    -38.7    -38.7    -38.7    -52.7    -38.7    -38.7    -38.7    -38.6    -48      -38.7    -38.7    -38.6    -45.4    -39.8    -38.7    -39.9    -38.6    -38.7    -39.6    -38.9    -38.6    -38.7    -38.9    -39      -39.7    -38.7    -39      -38.7    -38.7    -38.7    -38.7    -38.7    -38.9    -39.7    -38.7    -38.6    -38.9    -38.9    -38.6    -39.7    -38.9    -38.9    -38.9    -38.9    -39.7    -38.9    -39.7    -38.9    -39.6    -38.9    -38.9    -38.6    -38.6    -38.9    -38.9    -38.9    -38.9    -38.9    -38.9    -38.9    -38.9    -38.9   
 -39.1    -39.1    -39.1    -39.1    -39.1    -39.1    -40.7    -39.1    -39.1    -39.1    -39.1    -40.7    -39.1    -39.1    -39.1    -40.7    -40.5    -39.1    -41      -39.1    -39.1    -40.5    -39.5    -39      -39.1    -39.6    -39.6    -45      -39.1    -39.6    -39.1    -39.1    -39.1    -39.1    -39.1    -39.5    -46.8    -39.1    -39      -39.5    -39.6    -39.1    -46.8    -39.5    -39.5    -39.5    -39.4    -46.8    -39.5    -48      -39.5    -45.2    -39.5    -39.4    -39.1    -39.1    -39.4    -39.4    -39.4    -39.4    -39.4    -39.4    -39.4    -39.4    -39.4   
 -39.6    -39.6    -39.6    -39.6    -39.6    -39.6    -40      -39.6    -39.6    -39.6    -39.6    -40      -39.6    -39.6    -39.6    -40      -39.8    -39.6    -40      -39.6    -39.6    -40.3    -41.4    -39.5    -39.6    -40.9    -41      -39.9    -39.6    -41.1    -39.6    -39.6    -39.6    -39.6    -39.6    -41.5    -39.9    -39.6    -39.5    -41.5    -40.9    -39.6    -39.9    -41.4    -41.5    -41.4    -42.8    -39.9    -41.4    -39.9    -41.4    -39.8    -44.7    -42.7    -39.6    -39.6    -46.8    -47      -46.1    -42.7    -44.6    -44.1    -44.1    -43.6    -43.4   
 -39.1    -39.1    -39.1    -39.1    -39.1    -39.1    -40.7    -39.1    -39.1    -39.1    -39.1    -40.7    -39.1    -39.1    -39.1    -40.7    -40.5    -39.1    -41      -39.1    -39.1    -40.5    -39.5    -39      -39.1    -39.6    -39.6    -45      -39.1    -39.6    -39.1    -39.1    -39.1    -39.1    -39.1    -39.5    -46.8    -39.1    -39      -39.5    -39.6    -39.1    -46.8    -39.5    -39.5    -39.5    -39.4    -46.8    -39.5    -48      -39.5    -45.2    -39.5    -39.4    -39.1    -39.1    -39.4    -39.4    -39.4    -39.4    -39.4    -39.4    -39.4    -39.4    -39.4   
 -39.1    -39.1    -39.1    -39.1    -39.1    -39.1    -40.7    -39.1    -39.1    -39.1    -39.1    -40.7    -39.1    -39.1    -39.1    -40.7    -40.5    -39.1    -41      -39.1    -39.1    -40.5    -39.5    -39      -39.1    -39.6    -39.6    -45      -39.1    -39.6    -39.1    -39.1    -39.1    -39.1    -39.1    -39.5    -46.8    -39.1    -39      -39.5    -39.6    -39.1    -46.8    -39.5    -39.5    -39.5    -39.4    -46.8    -39.5    -48      -39.5    -45.2    -39.5    -39.4    -39.1    -39.1    -39.4    -39.4    -39.4    -39.4    -39.4    -39.4    -39.4    -39.4    -39.4   
 -39.8    -39.8    -39.8    -39.8    -39.8    -39.8    -40.6    -39.8    -39.8    -39.8    -39.8    -40.6    -39.8    -39.8    -39.8    -40.7    -40.5    -39.8    -41.2    -39.8    -39.8    -42.5    -41.8    -39.8    -39.8    -42.3    -43.6    -40.7    -39.8    -44.7    -39.8    -39.8    -39.8    -39.8    -39.8    -41.9    -40.6    -39.8    -39.8    -41.9    -42.3    -39.8    -40.6    -41.8    -41.9    -41.8    -41.3    -40.6    -41.8    -40.6    -41.8    -40.5    -41.9    -41.3    -39.8    -39.8    -41.4    -41.4    -41.4    -41.3    -41.2    -41.2    -41.2    -41.2    -41.1   
 -39.6    -39.6    -39.6    -39.6    -39.6    -39.6    -40.2    -39.6    -39.6    -39.6    -39.6    -40.2    -39.6    -39.6    -39.6    -40.2    -39.9    -39.6    -40.4    -39.6    -39.6    -41.1    -41.4    -39.5    -39.6    -44.6    -46.4    -40.1    -39.6    -44.6    -39.6    -39.6    -39.6    -39.6    -39.6    -41.4    -40.1    -39.6    -39.5    -41.4    -44.5    -39.6    -40.1    -41.4    -41.4    -41.4    -40.9    -40.1    -41.4    -40.1    -41.4    -40      -41.2    -40.9    -39.6    -39.6    -41      -41.1    -41      -40.9    -40.9    -40.9    -40.9    -40.8    -40.8   
 -41.5    -41.5    -41.5    -41.5    -41.9    -48.9    -39      -47.4    -49      -49      -40.8    -39      -41.7    -49.3    -41.2    -39      -39      -41.5    -39      -41.2    -41.5    -39      -39.1    -39.6    -41.3    -39.1    -39      -38.9    -41.7    -39      -41.2    -41.3    -41.7    -41.3    -41.7    -39.1    -38.9    -41.2    -39.6    -39.1    -39.1    -40.6    -38.9    -39.1    -39.1    -39.1    -39.1    -38.9    -39.1    -38.9    -39.1    -38.8    -39.1    -39.1    -40.6    -40.6    -39.1    -39.1    -39.1    -39.1    -39.1    -39.1    -39.1    -39.1    -39.1   
 -41.4    -41.4    -41.4    -41.4    -41.8    -49.4    -39      -47      -49.5    -49.4    -40.7    -39      -41.5    -48.8    -41.1    -39      -39      -41.4    -39      -41.1    -41.4    -39      -39      -39.5    -41.2    -39      -39      -38.9    -41.6    -39      -41.1    -41.2    -41.6    -41.2    -41.6    -39      -38.9    -41.1    -39.5    -39      -39      -40.5    -38.9    -39      -39      -39      -39      -38.9    -39      -38.9    -39      -38.8    -39      -39      -40.5    -40.5    -39      -39      -39      -39      -39      -39      -39      -39      -39     
 -39.6    -39.6    -39.6    -39.6    -39.6    -39.6    -41.7    -39.6    -39.6    -39.6    -39.6    -41.8    -39.6    -39.6    -39.6    -41.8    -41.8    -39.6    -42.8    -39.6    -39.6    -41.8    -40.1    -39.5    -39.6    -40.2    -40.3    -46.4    -39.6    -40.3    -39.6    -39.6    -39.6    -39.6    -39.6    -40.1    -45.9    -39.6    -39.5    -40.1    -40.2    -39.6    -45.9    -40.1    -40.1    -40.1    -40      -45.9    -40.1    -45.9    -40.1    -45.7    -40.1    -40      -39.6    -39.6    -40.1    -40.1    -40      -40      -40      -40      -40      -40      -40     
 -39.6    -39.6    -39.6    -39.6    -39.6    -39.6    -40      -39.6    -39.6    -39.6    -39.6    -40      -39.6    -39.6    -39.6    -40      -39.8    -39.6    -40      -39.6    -39.6    -40.3    -41.4    -39.5    -39.6    -40.9    -41      -39.9    -39.6    -41.1    -39.6    -39.6    -39.6    -39.6    -39.6    -41.5    -39.9    -39.6    -39.5    -41.5    -40.9    -39.6    -39.9    -41.4    -41.5    -41.4    -42.8    -39.9    -41.4    -39.9    -41.4    -39.8    -44.7    -42.7    -39.6    -39.6    -46.8    -47      -46.1    -42.7    -44.6    -44.1    -44.1    -43.6    -43.4   
 -39.9    -39.9    -39.9    -39.9    -39.9    -39.9    -42.6    -39.9    -39.9    -39.9    -39.9    -42.7    -39.9    -39.9    -39.9    -43.2    -43.4    -39.9    -44.8    -39.9    -39.9    -43.3    -40.5    -39.8    -39.9    -40.7    -40.7    -43.6    -39.9    -40.8    -39.9    -39.9    -39.9    -39.9    -39.9    -40.5    -43.3    -39.9    -39.8    -40.5    -40.7    -39.9    -43.3    -40.5    -40.5    -40.5    -40.4    -43.3    -40.5    -43.2    -40.5    -43.1    -40.4    -40.4    -39.9    -39.9    -40.4    -40.4    -40.4    -40.4    -40.4    -40.4    -40.4    -40.4    -40.4   
 -39.8    -39.8    -39.8    -39.8    -39.8    -39.8    -40.2    -39.8    -39.8    -39.8    -39.7    -40.2    -39.8    -39.8    -39.7    -40.2    -40      -39.8    -40.3    -39.7    -39.8    -40.6    -42.2    -39.7    -39.8    -41.5    -41.8    -40.2    -39.8    -42.5    -39.8    -39.8    -39.8    -39.8    -39.8    -42.4    -40.2    -39.8    -39.7    -42.4    -41.5    -39.7    -40.2    -42.2    -42.4    -42.1    -42.7    -40.2    -42.2    -40.2    -42.1    -40.1    -45      -42.5    -39.7    -39.7    -43.9    -44.1    -43.4    -42.5    -42.4    -42.3    -42.3    -42.3    -42.2   
 -39.9    -39.9    -39.9    -39.9    -39.9    -39.9    -42.2    -39.9    -39.9    -39.9    -39.8    -42.2    -39.9    -39.9    -39.8    -42.6    -42.8    -39.8    -44.5    -39.8    -39.8    -44.4    -40.6    -39.8    -39.9    -40.8    -40.9    -42.6    -39.9    -41.3    -39.9    -39.9    -39.9    -39.9    -39.9    -40.6    -42.4    -39.9    -39.8    -40.6    -40.8    -39.8    -42.4    -40.6    -40.6    -40.6    -40.5    -42.4    -40.6    -42.3    -40.6    -42.2    -40.5    -40.5    -39.8    -39.8    -40.5    -40.5    -40.5    -40.5    -40.5    -40.5    -40.5    -40.5    -40.5   
 -38.7    -38.7    -38.7    -38.7    -38.7    -38.7    -38.9    -38.7    -38.7    -38.7    -38.7    -38.9    -38.7    -38.7    -38.7    -38.9    -38.8    -38.7    -39      -38.7    -38.7    -39.2    -50.8    -38.7    -38.7    -39.7    -39.7    -38.9    -38.7    -39.9    -38.7    -38.7    -38.7    -38.7    -38.7    -43.6    -38.9    -38.7    -38.7    -42.5    -39.7    -38.7    -38.9    -42.1    -42.5    -42      -39.7    -38.9    -42.1    -38.9    -42      -38.8    -39.9    -39.7    -38.7    -38.7    -39.8    -39.8    -39.8    -39.7    -39.7    -39.7    -39.7    -39.6    -39.6   
 -38.7    -38.7    -38.7    -38.7    -38.7    -38.7    -38.9    -38.7    -38.7    -38.7    -38.7    -38.9    -38.7    -38.7    -38.7    -38.9    -38.8    -38.7    -39      -38.7    -38.7    -39.2    -50.8    -38.7    -38.7    -39.7    -39.7    -38.9    -38.7    -39.9    -38.7    -38.7    -38.7    -38.7    -38.7    -43.6    -38.9    -38.7    -38.7    -42.5    -39.7    -38.7    -38.9    -42.1    -42.5    -42      -39.7    -38.9    -42.1    -38.9    -42      -38.8    -39.9    -39.7    -38.7    -38.7    -39.8    -39.8    -39.8    -39.7    -39.7    -39.7    -39.7    -39.6    -39.6   
 -41.3    -41.3    -41.3    -41.3    -41.6    -49.2    -38.9    -46.6    -49.4    -49.9    -40.6    -38.9    -41.4    -48.3    -41      -38.9    -38.9    -41.3    -38.9    -41      -41.3    -38.9    -39      -39.4    -41.1    -38.9    -38.9    -38.8    -41.5    -38.9    -41      -41.1    -41.5    -41.1    -41.5    -39      -38.8    -41      -39.4    -39      -38.9    -40.4    -38.8    -39      -39      -39      -39      -38.8    -39      -38.8    -39      -38.7    -39      -39      -40.4    -40.4    -39      -39      -39      -39      -39      -39      -39      -39      -39     
 -39.7    -39.7    -39.7    -39.7    -39.7    -39.7    -41.6    -39.7    -39.7    -39.7    -39.7    -41.6    -39.7    -39.7    -39.7    -41.7    -41.8    -39.7    -43.2    -39.7    -39.7    -46.2    -40.6    -39.7    -39.7    -40.9    -41.1    -41.7    -39.7    -41.7    -39.7    -39.7    -39.7    -39.7    -39.7    -40.6    -41.6    -39.7    -39.7    -40.6    -40.9    -39.7    -41.6    -40.6    -40.6    -40.6    -40.5    -41.6    -40.6    -41.6    -40.6    -41.5    -40.5    -40.5    -39.7    -39.7    -40.5    -40.5    -40.5    -40.5    -40.4    -40.4    -40.4    -40.4    -40.4   
 -41.4    -41.4    -41.4    -41.4    -41.7    -49.4    -38.9    -46.8    -49.7    -49.7    -40.6    -38.9    -41.5    -48.5    -41      -38.9    -39      -41.3    -38.9    -41      -41.3    -39      -39      -39.5    -41.2    -39      -39      -38.9    -41.5    -39      -41      -41.2    -41.5    -41.1    -41.5    -39      -38.9    -41.1    -39.5    -39      -39      -40.5    -38.9    -39      -39      -39      -39      -38.9    -39      -38.9    -39      -38.8    -39      -39      -40.5    -40.5    -39      -39      -39      -39      -39      -39      -39      -39      -39     
 -41.1    -41.1    -41.1    -41.1    -41.4    -48.4    -38.8    -46      -48.6    -50.6    -40.4    -38.8    -41.2    -47.5    -40.8    -38.8    -38.8    -41      -38.8    -40.7    -41      -38.8    -38.9    -39.3    -40.9    -38.8    -38.8    -38.7    -41.2    -38.8    -40.8    -40.9    -41.2    -40.9    -41.2    -38.8    -38.7    -40.8    -39.3    -38.8    -38.8    -40.2    -38.7    -38.9    -38.8    -38.9    -38.9    -38.7    -38.9    -38.7    -38.9    -38.6    -38.9    -38.9    -40.2    -40.2    -38.9    -38.9    -38.9    -38.9    -38.9    -38.9    -38.9    -38.9    -38.9   
 -38.8    -38.8    -38.8    -38.8    -38.8    -38.8    -39      -38.8    -38.8    -38.8    -38.8    -39      -38.8    -38.8    -38.8    -39      -38.9    -38.8    -39.1    -38.8    -38.8    -39.3    -51.8    -38.8    -38.8    -39.8    -39.9    -39      -38.8    -40      -38.8    -38.8    -38.8    -38.8    -38.8    -44      -39      -38.8    -38.8    -42.8    -39.8    -38.8    -39      -42.4    -42.8    -42.3    -39.9    -39      -42.4    -39      -42.3    -38.9    -40.1    -39.9    -38.8    -38.8    -39.9    -39.9    -39.9    -39.9    -39.8    -39.8    -39.8    -39.8    -39.8   
 -39      -39      -39      -39      -39      -39      -39.3    -39      -39      -39      -39      -39.3    -39      -39      -39      -39.3    -39.1    -39      -39.4    -39      -39      -39.6    -50.2    -38.9    -39      -40.1    -40.3    -39.2    -39      -40.4    -39      -39      -39      -39      -39      -45.2    -39.2    -39      -38.9    -43.8    -40.1    -39      -39.2    -43.3    -43.8    -43.2    -40.2    -39.2    -43.3    -39.2    -43.2    -39.1    -40.5    -40.2    -39      -39      -40.3    -40.3    -40.2    -40.2    -40.2    -40.1    -40.1    -40.1    -40.1   
 -39.2    -39.2    -39.2    -39.2    -39.2    -39.2    -40.7    -39.2    -39.2    -39.2    -39.2    -40.7    -39.2    -39.2    -39.2    -40.7    -40.7    -39.2    -41.8    -39.2    -39.2    -45.6    -39.9    -39.2    -39.2    -40.1    -40.3    -40.7    -39.2    -40.7    -39.3    -39.2    -39.2    -39.2    -39.2    -39.9    -40.7    -39.3    -39.2    -39.9    -40.1    -39.2    -40.7    -39.9    -39.9    -39.9    -39.8    -40.7    -39.9    -40.7    -39.9    -40.6    -39.8    -39.8    -39.2    -39.2    -39.8    -39.8    -39.8    -39.8    -39.8    -39.8    -39.8    -39.8    -39.8   
 -38.8    -38.8    -38.8    -38.8    -38.8    -38.8    -39      -38.8    -38.8    -38.8    -38.8    -39      -38.8    -38.8    -38.8    -39      -38.9    -38.8    -39.1    -38.8    -38.8    -39.3    -51.8    -38.8    -38.8    -39.8    -39.9    -39      -38.8    -40      -38.8    -38.8    -38.8    -38.8    -38.8    -44      -39      -38.8    -38.8    -42.8    -39.8    -38.8    -39      -42.4    -42.8    -42.3    -39.9    -39      -42.4    -39      -42.3    -38.9    -40.1    -39.9    -38.8    -38.8    -39.9    -39.9    -39.9    -39.9    -39.8    -39.8    -39.8    -39.8    -39.8   
 -39      -39      -39      -39      -39      -39      -39.3    -39      -39      -39      -39      -39.3    -39      -39      -39      -39.3    -39.1    -39      -39.4    -39      -39      -39.6    -50.2    -38.9    -39      -40.1    -40.3    -39.2    -39      -40.4    -39      -39      -39      -39      -39      -45.2    -39.2    -39      -38.9    -43.8    -40.1    -39      -39.2    -43.3    -43.8    -43.2    -40.2    -39.2    -43.3    -39.2    -43.2    -39.1    -40.5    -40.2    -39      -39      -40.3    -40.3    -40.2    -40.2    -40.2    -40.1    -40.1    -40.1    -40.1   
 -39.5    -39.5    -39.5    -39.5    -39.5    -39.5    -40      -39.5    -39.5    -39.5    -39.5    -40      -39.5    -39.5    -39.5    -40      -39.8    -39.5    -40      -39.5    -39.5    -40.3    -46      -39.5    -39.5    -41.1    -41.3    -39.9    -39.5    -41.5    -39.5    -39.5    -39.5    -39.5    -39.5    -46.7    -39.9    -39.5    -39.5    -46.7    -41      -39.5    -39.9    -46.5    -46.7    -46.4    -41.2    -39.9    -46.5    -39.9    -46.4    -39.8    -41.5    -41.2    -39.5    -39.5    -41.3    -41.4    -41.2    -41.2    -41.1    -41.1    -41.1    -41.1    -41     
 -39.3    -39.3    -39.3    -39.3    -39.3    -39.3    -39.6    -39.3    -39.3    -39.3    -39.3    -39.6    -39.3    -39.3    -39.3    -39.6    -39.5    -39.3    -39.7    -39.3    -39.3    -40      -44.4    -39.2    -39.3    -40.6    -40.8    -39.6    -39.3    -40.9    -39.3    -39.3    -39.3    -39.3    -39.3    -45      -39.6    -39.3    -39.2    -45.1    -40.6    -39.3    -39.6    -48.6    -45.1    -48.4    -40.7    -39.6    -48.6    -39.6    -48.4    -39.5    -41      -40.7    -39.3    -39.3    -40.8    -40.8    -40.7    -40.7    -40.7    -40.6    -40.6    -40.6    -40.6   
 -39      -39      -39      -39      -39      -39      -39.3    -39      -39      -39      -39      -39.3    -39      -39      -39      -39.3    -39.2    -39      -39.4    -39      -39      -39.6    -43.2    -39      -39      -40.2    -40.3    -39.3    -39      -40.4    -39.1    -39      -39      -39      -39      -43.7    -39.3    -39.1    -39      -43.7    -40.2    -39      -39.3    -48.1    -43.7    -48.8    -40.3    -39.3    -48.1    -39.3    -48.8    -39.2    -40.5    -40.3    -39      -39      -40.3    -40.4    -40.3    -40.3    -40.2    -40.2    -40.2    -40.2    -40.2   
 -39.2    -39.2    -39.2    -39.2    -39.2    -39.2    -39.5    -39.2    -39.2    -39.2    -39.2    -39.5    -39.2    -39.2    -39.2    -39.5    -39.4    -39.2    -39.6    -39.2    -39.2    -39.8    -43.9    -39.1    -39.2    -40.4    -40.6    -39.5    -39.2    -40.7    -39.2    -39.2    -39.2    -39.2    -39.2    -44.5    -39.5    -39.2    -39.1    -44.5    -40.4    -39.2    -39.5    -49.4    -44.5    -49.2    -40.5    -39.5    -49.4    -39.5    -49.2    -39.4    -40.8    -40.5    -39.2    -39.2    -40.6    -40.7    -40.6    -40.5    -40.5    -40.5    -40.5    -40.4    -40.4   
