 -47.7    -47.7    -47.7    -47.7    -47.7    -46.2    -42.9    -46.2    -46.2    -46.2    -45      -42.9    -45.7    -46.2    -45.4    -42.9    -42.9    -45.6    -42.9    -45.4    -45.6    -42.9    -42.9    -43.5    -45.9    -42.9    -42.9    -42.8    -45.9    -42.9    -45.9    -45.9    -45.9    -45.9    -45.9    -42.9    -42.8    -45.9    -43.5    -42.9    -42.9    -44.8    -42.8    -42.9    -42.9    -42.9    -42.9    -42.8    -42.9    -42.8    -42.9    -42.7    -42.9    -42.9    -44.8    -44.8    -42.9    -42.9    -42.9    -42.9    -42.9    -42.9    -42.9    -42.9    -42.9   
 -46      -46      -46      -46      -46      -46.8    -42.7    -46.8    -46.8    -46.8    -44.8    -42.7    -45.6    -46.8    -45.2    -42.7    -42.8    -45.4    -42.7    -45.2    -45.4    -42.7    -42.8    -43.3    -45.7    -42.8    -42.8    -42.7    -45.7    -42.8    -45.7    -45.7    -45.7    -45.7    -45.7    -42.8    -42.6    -45.7    -43.3    -42.8    -42.8    -44.6    -42.6    -42.8    -42.8    -42.8    -42.8    -42.6    -42.8    -42.6    -42.8    -42.6    -42.8    -42.8    -44.6    -44.6    -42.8    -42.8    -42.8    -42.8    -42.8    -42.8    -42.8    -42.8    -42.8   
 -46.3    -46.3    -46.3    -46.3    -46.3    -46.3    -43.1    -46.3    -46.3    -46.3    -45.3    -43.1    -46.2    -46.3    -45.8    -43.1    -43.1    -46.1    -43.1    -45.8    -46.1    -43.1    -43.1    -43.8    -46.3    -43.1    -43.1    -43      -47.1    -43.1    -46.2    -46.3    -47.1    -46.3    -47.1    -43.1    -43      -46.2    -43.8    -43.1    -43.1    -45.2    -43      -43.1    -43.1    -43.1    -43.1    -43      -43.1    -43      -43.1    -42.9    -43.1    -43.1    -45.2    -45.2    -43.1    -43.1    -43.1    -43.1    -43.1    -43.1    -43.1    -43.1    -43.1   
 -42.6    -42.6    -42.6    -42.6    -42.6    -42.6    -48.5    -42.6    -42.6    -42.6    -42.5    -48.5    -42.6    -42.6    -42.6    -46.6    -42.9    -42.6    -43.2    -42.6    -42.6    -43      -42.9    -42.5    -42.6    -43      -43      -43.1    -42.6    -43      -42.6    -42.6    -42.6    -42.6    -42.6    -42.9    -43.1    -42.6    -42.5    -42.9    -43      -42.5    -43.1    -42.9    -42.9    -42.9    -42.9    -43.1    -42.9    -43.1    -42.9    -43      -42.9    -42.9    -42.5    -42.5    -42.9    -42.9    -42.9    -42.9    -42.9    -42.9    -42.9    -42.9    -42.9   
 -43.3    -43.3    -43.3    -43.3    -43.3    -43.3    -44      -43.3    -43.3    -43.3    -43.3    -44      -43.3    -43.3    -43.3    -44      -43.7    -43.3    -44.1    -43.3    -43.3    -45      -44.2    -43.3    -43.3    -44.2    -44.2    -44      -43.3    -44.2    -43.4    -43.3    -43.3    -43.3    -43.3    -44.2    -44      -43.4    -43.3    -44.2    -44.2    -43.3    -44      -44.2    -44.2    -44.2    -44.2    -44      -44.2    -44      -44.2    -43.9    -44.2    -44.2    -43.3    -43.3    -44.2    -44.2    -44.2    -44.2    -44.1    -44.1    -44.1    -44.1    -44.1   
 -45.4    -45.4    -45.4    -45.4    -45.4    -45.4    -43.3    -45.4    -45.4    -45.4    -45.7    -43.3    -45.5    -45.4    -45.5    -43.3    -43.3    -45.5    -43.3    -45.5    -45.5    -43.3    -43.3    -44.1    -45.4    -43.3    -43.3    -43.2    -45.4    -43.3    -45.4    -45.4    -45.4    -45.4    -45.4    -43.3    -43.2    -45.4    -44.1    -43.3    -43.3    -46.4    -43.2    -43.3    -43.3    -43.3    -43.3    -43.2    -43.3    -43.2    -43.3    -43.1    -43.3    -43.3    -46.4    -46.4    -43.3    -43.3    -43.3    -43.3    -43.3    -43.3    -43.3    -43.3    -43.3   
 -45.5    -45.5    -45.5    -45.5    -45.5    -45.5    -42.8    -45.5    -45.5    -45.5    -44.9    -42.8    -45.6    -45.5    -45.3    -42.8    -42.8    -46.9    -42.8    -45.3    -46.9    -42.8    -42.8    -43.4    -45.5    -42.8    -42.8    -42.7    -45.5    -42.8    -45.5    -45.5    -45.5    -45.5    -45.5    -42.8    -42.7    -45.5    -43.4    -42.8    -42.8    -44.7    -42.7    -42.8    -42.8    -42.8    -42.8    -42.7    -42.8    -42.7    -42.8    -42.6    -42.8    -42.8    -44.7    -44.7    -42.8    -42.8    -42.8    -42.8    -42.8    -42.8    -42.8    -42.8    -42.8   
 -43.1    -43.1    -43.1    -43.1    -43.1    -43.1    -43.5    -43.1    -43.1    -43.1    -43.1    -43.5    -43.1    -43.1    -43.1    -43.5    -43.3    -43.1    -43.6    -43.1    -43.1    -43.8    -44.5    -43      -43.1    -47.4    -46      -43.5    -43.1    -44.7    -43.1    -43.1    -43.1    -43.1    -43.1    -44.5    -43.5    -43.1    -43      -44.5    -47.4    -43.1    -43.5    -44.5    -44.5    -44.5    -44.5    -43.5    -44.5    -43.5    -44.5    -43.4    -44.5    -44.5    -43.1    -43.1    -44.5    -44.5    -44.5    -44.5    -44.5    -44.5    -44.5    -44.4    -44.4   
 -44.6    -44.6    -44.6    -44.6    -44.6    -44.7    -42.1    -44.7    -44.7    -44.7    -43.9    -42.1    -44.6    -44.7    -44.2    -42.1    -42.2    -44.5    -42.1    -44.2    -44.5    -42.1    -42.1    -42.7    -44.6    -42.1    -42.1    -42      -49.7    -42.1    -44.6    -44.6    -49.7    -44.6    -49.7    -42.1    -42      -44.6    -42.7    -42.1    -42.1    -43.8    -42      -42.1    -42.1    -42.1    -42.2    -42      -42.1    -42      -42.1    -41.9    -42.1    -42.2    -43.8    -43.8    -42.2    -42.2    -42.2    -42.2    -42.2    -42.2    -42.2    -42.2    -42.2   
 -44.3    -44.3    -44.3    -44.3    -44.3    -44.3    -42.5    -44.3    -44.3    -44.3    -44.5    -42.5    -44.3    -44.3    -44.4    -42.5    -42.5    -44.3    -42.5    -44.4    -44.3    -42.5    -42.5    -43.2    -44.3    -42.5    -42.5    -42.4    -44.3    -42.5    -44.3    -44.3    -44.3    -44.3    -44.3    -42.5    -42.4    -44.3    -43.2    -42.5    -42.5    -46.1    -42.4    -42.5    -42.5    -42.5    -42.5    -42.4    -42.5    -42.4    -42.5    -42.3    -42.5    -42.5    -46.1    -46.1    -42.5    -42.5    -42.5    -42.5    -42.5    -42.5    -42.5    -42.5    -42.5   
 -42.4    -42.4    -42.4    -42.4    -42.4    -42.4    -42.7    -42.4    -42.4    -42.4    -42.4    -42.7    -42.4    -42.4    -42.4    -42.7    -42.5    -42.4    -42.8    -42.4    -42.4    -43      -43.6    -42.4    -42.4    -48.9    -44.6    -42.7    -42.4    -43.7    -42.4    -42.4    -42.4    -42.4    -42.4    -43.6    -42.7    -42.4    -42.4    -43.6    -49.2    -42.4    -42.7    -43.6    -43.6    -43.6    -43.5    -42.7    -43.6    -42.7    -43.6    -42.6    -43.5    -43.5    -42.4    -42.4    -43.5    -43.5    -43.5    -43.5    -43.5    -43.5    -43.5    -43.5    -43.5   
 -41.9    -41.9    -41.9    -41.9    -41.9    -41.9    -41.4    -41.9    -41.9    -41.9    -42      -41.4    -41.9    -41.9    -41.9    -41.4    -41.5    -41.9    -41.4    -41.9    -41.9    -41.4    -41.5    -52.2    -41.9    -41.5    -41.5    -41.4    -41.9    -41.5    -41.9    -41.9    -41.9    -41.9    -41.9    -41.5    -41.4    -41.9    -52.1    -41.5    -41.5    -42      -41.4    -41.5    -41.5    -41.5    -41.5    -41.4    -41.5    -41.4    -41.5    -41.3    -41.5    -41.5    -42      -42      -41.5    -41.5    -41.5    -41.5    -41.5    -41.5    -41.5    -41.5    -41.5   
 -44.4    -44.4    -44.4    -44.4    -44.4    -44.4    -42.6    -44.4    -44.4    -44.4    -44.6    -42.6    -44.4    -44.4    -44.5    -42.6    -42.6    -44.4    -42.6    -44.5    -44.4    -42.6    -42.6    -43.2    -44.4    -42.6    -42.6    -42.5    -44.4    -42.6    -44.4    -44.4    -44.4    -44.4    -44.4    -42.6    -42.5    -44.4    -43.2    -42.6    -42.6    -48.5    -42.5    -42.6    -42.6    -42.6    -42.6    -42.5    -42.6    -42.5    -42.6    -42.4    -42.6    -42.6    -48.4    -48.4    -42.6    -42.6    -42.6    -42.6    -42.6    -42.6    -42.6    -42.6    -42.6   
 -42.5    -42.5    -42.5    -42.5    -42.5    -42.5    -42.9    -42.5    -42.5    -42.5    -42.5    -42.9    -42.5    -42.5    -42.5    -42.9    -42.7    -42.5    -42.9    -42.5    -42.5    -43.2    -43.7    -42.5    -42.5    -49.4    -44.9    -42.8    -42.5    -43.9    -42.5    -42.5    -42.5    -42.5    -42.5    -43.7    -42.8    -42.5    -42.5    -43.7    -49.3    -42.5    -42.8    -43.7    -43.7    -43.7    -43.7    -42.8    -43.7    -42.8    -43.7    -42.8    -43.7    -43.7    -42.5    -42.5    -43.7    -43.7    -43.7    -43.7    -43.7    -43.7    -43.7    -43.7    -43.7   
 -42.5    -42.5    -42.5    -42.5    -42.5    -42.5    -42.8    -42.5    -42.5    -42.5    -42.4    -42.8    -42.4    -42.5    -42.4    -42.8    -42.6    -42.4    -42.9    -42.4    -42.4    -43.1    -43.6    -42.4    -42.5    -49.1    -44.7    -42.8    -42.4    -43.8    -42.5    -42.5    -42.4    -42.5    -42.4    -43.6    -42.8    -42.5    -42.4    -43.6    -49.4    -42.4    -42.8    -43.6    -43.6    -43.6    -43.6    -42.8    -43.6    -42.8    -43.6    -42.7    -43.6    -43.6    -42.4    -42.4    -43.6    -43.6    -43.6    -43.6    -43.6    -43.6    -43.6    -43.6    -43.6   
 -43.7    -43.7    -43.7    -43.7    -43.7    -43.7    -41.5    -43.7    -43.7    -43.7    -43      -41.5    -43.5    -43.7    -43.3    -41.5    -41.6    -43.5    -41.5    -43.3    -43.5    -41.5    -41.6    -42      -46.3    -41.6    -41.6    -41.4    -43.6    -41.6    -51.1    -46.8    -43.6    -47.2    -43.6    -41.6    -41.4    -51.1    -42      -41.6    -41.6    -42.9    -41.4    -41.6    -41.6    -41.6    -41.6    -41.4    -41.6    -41.4    -41.6    -41.4    -41.6    -41.6    -42.9    -42.9    -41.6    -41.6    -41.6    -41.6    -41.6    -41.6    -41.6    -41.6    -41.6   
 -43.4    -43.4    -43.4    -43.4    -43.4    -43.4    -44.3    -43.4    -43.4    -43.4    -43.4    -44.3    -43.4    -43.4    -43.4    -44.3    -43.8    -43.4    -44.3    -43.4    -43.4    -44.1    -44      -43.4    -43.4    -44      -44      -46.5    -43.4    -44      -43.4    -43.4    -43.4    -43.4    -43.4    -44      -46.9    -43.4    -43.4    -44      -44      -43.4    -46.9    -44      -44      -44      -44      -46.9    -44      -46.9    -44      -46.8    -44      -44      -43.4    -43.4    -44      -44      -44      -44      -44      -44      -44      -44      -44     
 -43.6    -43.6    -43.6    -43.6    -43.5    -43.5    -44      -43.5    -43.5    -43.5    -43.5    -44      -43.5    -43.5    -43.5    -44      -43.8    -43.5    -44.1    -43.5    -43.5    -44.4    -45.5    -43.5    -43.6    -45.1    -45.1    -44      -43.5    -45.1    -43.6    -43.6    -43.5    -43.6    -43.5    -45.5    -44      -43.6    -43.5    -45.5    -45.1    -43.5    -44      -45.5    -45.5    -45.5    -46.4    -44      -45.5    -44      -45.5    -43.9    -46.3    -46.4    -43.5    -43.5    -46.6    -46.6    -46.6    -46.4    -46.5    -46.5    -46.5    -46.5    -46.5   
 -42.7    -42.7    -42.7    -42.7    -42.7    -42.7    -43      -42.7    -42.7    -42.7    -42.6    -43      -42.7    -42.7    -42.7    -43      -42.8    -42.7    -43.1    -42.7    -42.7    -43.3    -44.2    -42.6    -42.7    -43.9    -43.9    -43      -42.7    -43.9    -42.7    -42.7    -42.7    -42.7    -42.7    -44.2    -43      -42.7    -42.6    -44.2    -43.9    -42.6    -43      -44.2    -44.2    -44.2    -44.8    -43      -44.2    -43      -44.2    -42.9    -44.8    -44.8    -42.6    -42.6    -45.4    -45.3    -45.6    -44.8    -48      -48.8    -48.8    -48.7    -48.7   
 -42.6    -42.6    -42.6    -42.6    -42.6    -42.6    -42.9    -42.6    -42.6    -42.6    -42.6    -42.9    -42.6    -42.6    -42.6    -42.9    -42.7    -42.6    -43      -42.6    -42.6    -43.2    -44.1    -42.6    -42.6    -43.8    -43.8    -42.9    -42.6    -43.8    -42.6    -42.6    -42.6    -42.6    -42.6    -44.1    -42.9    -42.6    -42.6    -44.1    -43.8    -42.6    -42.9    -44.1    -44.1    -44.1    -44.7    -42.9    -44.1    -42.9    -44.1    -42.8    -44.7    -44.7    -42.6    -42.6    -45.3    -45.2    -45.5    -44.7    -47.8    -48.6    -48.6    -49      -48.9   
 -42.6    -42.6    -42.6    -42.6    -42.6    -42.6    -42.9    -42.6    -42.6    -42.6    -42.6    -42.9    -42.6    -42.6    -42.6    -42.9    -42.7    -42.6    -43      -42.6    -42.6    -43.2    -44.1    -42.6    -42.6    -43.8    -43.8    -42.9    -42.6    -43.8    -42.6    -42.6    -42.6    -42.6    -42.6    -44.1    -42.9    -42.6    -42.6    -44.1    -43.8    -42.6    -42.9    -44.1    -44.1    -44.1    -44.7    -42.9    -44.1    -42.9    -44.1    -42.8    -44.7    -44.7    -42.6    -42.6    -45.3    -45.2    -45.5    -44.7    -47.8    -48.6    -48.6    -49      -48.9   
 -42.4    -42.4    -42.4    -42.4    -42.4    -42.4    -42.7    -42.4    -42.4    -42.4    -42.4    -42.7    -42.4    -42.4    -42.4    -42.7    -42.5    -42.4    -42.8    -42.4    -42.4    -43      -43.8    -42.4    -42.4    -43.5    -43.5    -42.7    -42.4    -43.5    -42.4    -42.4    -42.4    -42.4    -42.4    -43.8    -42.7    -42.4    -42.4    -43.8    -43.5    -42.4    -42.7    -43.8    -43.8    -43.8    -44.4    -42.7    -43.8    -42.7    -43.8    -42.6    -44.4    -44.4    -42.4    -42.4    -45      -44.8    -45.1    -44.4    -47.3    -47.9    -47.9    -49.2    -49.1   
 -42.4    -42.4    -42.4    -42.4    -42.4    -42.4    -42.8    -42.4    -42.4    -42.4    -42.4    -42.8    -42.4    -42.4    -42.4    -42.8    -42.6    -42.4    -42.8    -42.4    -42.4    -43      -43.8    -42.4    -42.4    -43.6    -43.6    -42.7    -42.4    -43.6    -42.4    -42.4    -42.4    -42.4    -42.4    -43.8    -42.7    -42.4    -42.4    -43.8    -43.6    -42.4    -42.7    -43.8    -43.8    -43.8    -44.4    -42.7    -43.8    -42.7    -43.8    -42.6    -44.4    -44.4    -42.4    -42.4    -45      -44.9    -45.2    -44.4    -47.3    -48      -48      -49.5    -49.5   
 -41.9    -41.9    -41.9    -41.9    -41.9    -41.9    -42.2    -41.9    -41.9    -41.9    -41.9    -42.2    -41.9    -41.9    -41.9    -42.2    -42      -41.9    -42.2    -41.9    -41.9    -42.4    -43.1    -41.9    -41.9    -42.9    -42.9    -42.1    -41.9    -42.9    -41.9    -41.9    -41.9    -41.9    -41.9    -43.1    -42.1    -41.9    -41.9    -43.1    -42.9    -41.9    -42.1    -43.1    -43.1    -43.1    -43.7    -42.1    -43.1    -42.1    -43.1    -42.1    -43.6    -43.7    -41.9    -41.9    -44.1    -44      -44.3    -43.7    -46      -46.6    -46.6    -47.7    -50.8   
 -41.9    -41.9    -41.9    -41.9    -41.9    -41.9    -42.2    -41.9    -41.9    -41.9    -41.9    -42.2    -41.9    -41.9    -41.9    -42.2    -42      -41.9    -42.2    -41.9    -41.9    -42.4    -43.1    -41.9    -41.9    -42.9    -42.9    -42.1    -41.9    -42.9    -41.9    -41.9    -41.9    -41.9    -41.9    -43.1    -42.1    -41.9    -41.9    -43.1    -42.9    -41.9    -42.1    -43.1    -43.1    -43.1    -43.7    -42.1    -43.1    -42.1    -43.1    -42.1    -43.6    -43.7    -41.9    -41.9    -44.1    -44      -44.3    -43.7    -46      -46.6    -46.6    -47.7    -50.8   
 -42.1    -42.1    -42.1    -42.1    -42.1    -42.1    -42.4    -42.1    -42.1    -42.1    -42.1    -42.4    -42.1    -42.1    -42.1    -42.4    -42.2    -42.1    -42.5    -42.1    -42.1    -42.7    -43.4    -42.1    -42.1    -43.2    -43.2    -42.4    -42.1    -43.2    -42.1    -42.1    -42.1    -42.1    -42.1    -43.4    -42.4    -42.1    -42.1    -43.4    -43.2    -42.1    -42.4    -43.4    -43.4    -43.4    -44      -42.4    -43.4    -42.4    -43.4    -42.3    -43.9    -44      -42.1    -42.1    -44.5    -44.4    -44.6    -44      -46.5    -47.1    -47.1    -48.4    -50.2   
 -41.9    -41.9    -41.9    -41.9    -41.9    -41.9    -41.4    -41.9    -41.9    -41.9    -42      -41.4    -41.9    -41.9    -41.9    -41.4    -41.5    -41.9    -41.4    -41.9    -41.9    -41.4    -41.5    -52      -41.9    -41.5    -41.5    -41.4    -41.9    -41.5    -41.9    -41.9    -41.9    -41.9    -41.9    -41.5    -41.3    -41.9    -52.1    -41.5    -41.5    -42      -41.3    -41.5    -41.5    -41.5    -41.5    -41.3    -41.5    -41.3    -41.5    -41.3    -41.5    -41.5    -42      -42      -41.5    -41.5    -41.5    -41.5    -41.5    -41.5    -41.5    -41.5    -41.5   
 -41.9    -41.9    -41.9    -41.9    -41.9    -41.9    -41.4    -41.9    -41.9    -41.9    -42      -41.4    -41.9    -41.9    -41.9    -41.4    -41.5    -41.9    -41.4    -41.9    -41.9    -41.4    -41.5    -52.1    -41.9    -41.5    -41.5    -41.4    -41.9    -41.5    -41.9    -41.9    -41.9    -41.9    -41.9    -41.5    -41.4    -41.9    -52.3    -41.5    -41.5    -42      -41.4    -41.5    -41.5    -41.5    -41.5    -41.4    -41.5    -41.4    -41.5    -41.3    -41.5    -41.5    -42      -42      -41.5    -41.5    -41.5    -41.5    -41.5    -41.5    -41.5    -41.5    -41.5   
 -45.3    -45.3    -45.3    -45.3    -45.3    -45.4    -42.7    -45.4    -45.4    -45.4    -44.8    -42.7    -45.4    -45.4    -45.2    -42.7    -42.7    -46.7    -42.7    -45.2    -46.7    -42.7    -42.7    -43.3    -45.3    -42.7    -42.7    -42.6    -45.4    -42.7    -45.3    -45.3    -45.4    -45.3    -45.4    -42.7    -42.6    -45.3    -43.3    -42.7    -42.7    -44.6    -42.6    -42.7    -42.7    -42.7    -42.7    -42.6    -42.7    -42.6    -42.7    -42.5    -42.7    -42.7    -44.6    -44.6    -42.7    -42.7    -42.7    -42.7    -42.7    -42.7    -42.7    -42.7    -42.7   
 -42      -42      -42      -42      -42      -42      -41.5    -42      -42      -42      -42      -41.5    -41.9    -42      -41.9    -41.4    -41.5    -41.9    -41.4    -41.9    -41.9    -41.4    -41.5    -52.2    -42      -41.5    -41.5    -41.4    -41.9    -41.5    -42      -42      -41.9    -42      -41.9    -41.5    -41.4    -42      -52.2    -41.5    -41.5    -42      -41.4    -41.5    -41.5    -41.5    -41.5    -41.4    -41.5    -41.4    -41.5    -41.3    -41.5    -41.5    -42      -42      -41.5    -41.5    -41.5    -41.5    -41.5    -41.5    -41.5    -41.5    -41.5   
 -42.1    -42.1    -42.1    -42.1    -42.1    -42.1    -41.6    -42.1    -42.1    -42.1    -42.1    -41.6    -42.1    -42.1    -42.1    -41.6    -41.6    -42.1    -41.6    -42.1    -42.1    -41.6    -41.6    -51.6    -42.1    -41.6    -41.6    -41.5    -42.1    -41.6    -42.1    -42.1    -42.1    -42.1    -42.1    -41.6    -41.5    -42.1    -51.6    -41.6    -41.6    -42.1    -41.5    -41.6    -41.6    -41.6    -41.6    -41.5    -41.6    -41.5    -41.6    -41.4    -41.6    -41.6    -42.1    -42.1    -41.6    -41.6    -41.6    -41.6    -41.6    -41.6    -41.6    -41.6    -41.6   
 -44.6    -44.6    -44.6    -44.6    -44.7    -44.7    -42.4    -44.7    -44.7    -44.7    -44.4    -42.4    -44.7    -44.7    -46.6    -42.4    -42.5    -44.7    -42.4    -47.3    -44.7    -42.4    -42.4    -43      -44.6    -42.4    -42.4    -42.3    -44.7    -42.4    -44.6    -44.6    -44.7    -44.6    -44.7    -42.4    -42.3    -44.6    -43      -42.4    -42.4    -44.2    -42.3    -42.4    -42.4    -42.4    -42.5    -42.3    -42.4    -42.3    -42.4    -42.2    -42.4    -42.5    -44.2    -44.2    -42.5    -42.4    -42.5    -42.5    -42.5    -42.5    -42.5    -42.5    -42.5   
 -45.5    -45.5    -45.5    -45.5    -45.5    -45.5    -42.8    -45.5    -45.5    -45.5    -44.9    -42.8    -45.6    -45.5    -45.3    -42.8    -42.8    -46.9    -42.8    -45.3    -46.9    -42.8    -42.8    -43.4    -45.5    -42.8    -42.8    -42.7    -45.6    -42.8    -45.5    -45.5    -45.6    -45.5    -45.6    -42.8    -42.7    -45.5    -43.4    -42.8    -42.8    -44.7    -42.7    -42.8    -42.8    -42.8    -42.8    -42.7    -42.8    -42.7    -42.8    -42.6    -42.8    -42.8    -44.7    -44.7    -42.8    -42.8    -42.8    -42.8    -42.8    -42.8    -42.8    -42.8    -42.8   
 -41.9    -41.9    -41.9    -41.9    -41.9    -41.9    -41.4    -41.9    -41.9    -41.9    -41.9    -41.4    -41.9    -41.9    -41.9    -41.4    -41.4    -41.9    -41.4    -41.9    -41.9    -41.4    -41.4    -51.9    -41.9    -41.4    -41.4    -41.3    -41.9    -41.4    -41.9    -41.9    -41.9    -41.9    -41.9    -41.4    -41.3    -41.9    -51.9    -41.4    -41.4    -41.9    -41.3    -41.4    -41.4    -41.4    -41.5    -41.3    -41.4    -41.3    -41.4    -41.2    -41.4    -41.5    -41.9    -41.9    -41.4    -41.4    -41.5    -41.5    -41.5    -41.5    -41.5    -41.5    -41.5   
 -45.5    -45.5    -45.5    -45.5    -45.5    -45.5    -42.8    -45.5    -45.5    -45.5    -44.9    -42.8    -45.6    -45.5    -45.3    -42.8    -42.8    -46.9    -42.8    -45.3    -46.9    -42.8    -42.8    -43.4    -45.5    -42.8    -42.8    -42.7    -45.6    -42.8    -45.5    -45.5    -45.6    -45.5    -45.6    -42.8    -42.7    -45.5    -43.4    -42.8    -42.8    -44.7    -42.7    -42.8    -42.8    -42.8    -42.8    -42.7    -42.8    -42.7    -42.8    -42.6    -42.8    -42.8    -44.7    -44.7    -42.8    -42.8    -42.8    -42.8    -42.8    -42.8    -42.8    -42.8    -42.8   
 -49      -49      -49      -48.8    -46.6    -45.4    -42.4    -45.4    -45.4    -45.4    -44.3    -42.4    -45      -45.4    -44.6    -42.4    -42.5    -44.9    -42.4    -44.6    -44.9    -42.4    -42.5    -43      -45.2    -42.5    -42.4    -42.3    -45.1    -42.4    -45.1    -45.2    -45.1    -45.2    -45.1    -42.5    -42.3    -45.1    -43      -42.5    -42.5    -44.1    -42.3    -42.5    -42.5    -42.5    -42.5    -42.3    -42.5    -42.3    -42.5    -42.3    -42.5    -42.5    -44.1    -44.1    -42.5    -42.5    -42.5    -42.5    -42.5    -42.5    -42.5    -42.5    -42.5   
 -45      -45      -45      -45      -45      -45      -42.6    -45      -45      -45      -44.7    -42.6    -45.1    -45      -47.2    -42.6    -42.7    -45.1    -42.6    -48.1    -45.1    -42.6    -42.7    -43.3    -45      -42.7    -42.7    -42.6    -45      -42.7    -45      -45      -45      -45      -45      -42.7    -42.5    -45      -43.3    -42.7    -42.7    -44.6    -42.5    -42.7    -42.7    -42.7    -42.7    -42.5    -42.7    -42.5    -42.7    -42.5    -42.7    -42.7    -44.6    -44.6    -42.7    -42.7    -42.7    -42.7    -42.7    -42.7    -42.7    -42.7    -42.7   
 -49.2    -49.2    -48.7    -48.5    -46.4    -45.2    -42.3    -45.2    -45.2    -45.2    -44.1    -42.3    -44.8    -45.2    -44.5    -42.3    -42.4    -44.7    -42.3    -44.5    -44.7    -42.3    -42.4    -42.9    -45      -42.4    -42.4    -42.2    -45      -42.3    -45      -45      -45      -45      -45      -42.4    -42.2    -45      -42.9    -42.4    -42.4    -44      -42.2    -42.4    -42.4    -42.4    -42.4    -42.2    -42.4    -42.2    -42.4    -42.2    -42.4    -42.4    -44      -44      -42.4    -42.4    -42.4    -42.4    -42.4    -42.4    -42.4    -42.4    -42.4   
 -49.3    -48.9    -48.4    -48.3    -46.3    -45.1    -42.3    -45.1    -45.1    -45.1    -44      -42.3    -44.7    -45.1    -44.4    -42.3    -42.3    -44.6    -42.2    -44.4    -44.6    -42.3    -42.3    -42.8    -44.9    -42.3    -42.3    -42.2    -44.8    -42.3    -44.9    -44.9    -44.8    -44.9    -44.8    -42.3    -42.2    -44.9    -42.8    -42.3    -42.3    -43.9    -42.2    -42.3    -42.3    -42.3    -42.3    -42.2    -42.3    -42.2    -42.3    -42.1    -42.3    -42.3    -43.9    -43.9    -42.3    -42.3    -42.3    -42.3    -42.3    -42.3    -42.3    -42.3    -42.3   
 -45.2    -45.2    -45.2    -45.2    -45.2    -45.2    -42.8    -45.2    -45.2    -45.2    -44.9    -42.8    -45.3    -45.2    -47.6    -42.8    -42.8    -45.3    -42.8    -47.6    -45.3    -42.8    -42.8    -43.4    -45.2    -42.8    -42.8    -42.7    -45.3    -42.8    -45.2    -45.2    -45.3    -45.2    -45.3    -42.8    -42.7    -45.2    -43.4    -42.8    -42.8    -44.8    -42.7    -42.8    -42.8    -42.8    -42.8    -42.7    -42.8    -42.7    -42.8    -42.6    -42.8    -42.8    -44.8    -44.8    -42.8    -42.8    -42.8    -42.8    -42.8    -42.8    -42.8    -42.8    -42.8   
 -49.2    -49.2    -48.7    -48.5    -46.4    -45.2    -42.3    -45.2    -45.2    -45.2    -44.1    -42.3    -44.8    -45.2    -44.5    -42.3    -42.4    -44.7    -42.3    -44.5    -44.7    -42.3    -42.4    -42.9    -45      -42.4    -42.4    -42.2    -45      -42.3    -45      -45      -45      -45      -45      -42.4    -42.2    -45      -42.9    -42.4    -42.4    -44      -42.2    -42.4    -42.4    -42.4    -42.4    -42.2    -42.4    -42.2    -42.4    -42.2    -42.4    -42.4    -44      -44      -42.4    -42.4    -42.4    -42.4    -42.4    -42.4    -42.4    -42.4    -42.4   
 -44.5    -44.5    -44.5    -44.5    -44.5    -44.5    -42      -44.5    -44.5    -44.5    -43.7    -42      -44.4    -44.5    -44.1    -42      -42.1    -44.3    -42      -44.1    -44.3    -42      -42.1    -42.6    -44.5    -42      -42      -41.9    -49.3    -42      -44.5    -44.5    -50.1    -44.5    -50.1    -42.1    -41.9    -44.5    -42.6    -42.1    -42      -43.6    -41.9    -42.1    -42.1    -42.1    -42.1    -41.9    -42.1    -41.9    -42.1    -41.8    -42.1    -42.1    -43.6    -43.6    -42.1    -42.1    -42.1    -42.1    -42.1    -42.1    -42.1    -42.1    -42.1   
 -48.7    -48.7    -48.7    -48.7    -46.6    -45.4    -42.4    -45.4    -45.4    -45.4    -44.3    -42.4    -45      -45.4    -44.6    -42.4    -42.4    -44.9    -42.4    -44.6    -44.9    -42.4    -42.4    -43      -45.1    -42.4    -42.4    -42.3    -45.1    -42.4    -45.1    -45.1    -45.1    -45.1    -45.1    -42.4    -42.3    -45.1    -43      -42.4    -42.4    -44.1    -42.3    -42.4    -42.4    -42.4    -42.5    -42.3    -42.4    -42.3    -42.4    -42.2    -42.4    -42.5    -44.1    -44.1    -42.4    -42.4    -42.4    -42.5    -42.5    -42.5    -42.5    -42.5    -42.5   
 -48.5    -48.5    -48.5    -48.5    -46.5    -45.3    -42.4    -45.3    -45.3    -45.3    -44.2    -42.4    -44.9    -45.3    -44.5    -42.4    -42.4    -44.8    -42.4    -44.5    -44.8    -42.4    -42.4    -42.9    -45.1    -42.4    -42.4    -42.3    -45      -42.4    -45      -45.1    -45      -45.1    -45      -42.4    -42.3    -45      -42.9    -42.4    -42.4    -44      -42.3    -42.4    -42.4    -42.4    -42.4    -42.3    -42.4    -42.3    -42.4    -42.2    -42.4    -42.4    -44      -44      -42.4    -42.4    -42.4    -42.4    -42.4    -42.4    -42.4    -42.4    -42.4   
 -44.5    -44.5    -44.5    -44.5    -44.5    -44.5    -42      -44.5    -44.5    -44.5    -43.7    -42      -44.4    -44.5    -44.1    -42      -42.1    -44.3    -42      -44.1    -44.3    -42      -42.1    -42.6    -44.5    -42      -42      -41.9    -49.3    -42      -44.5    -44.5    -50.1    -44.5    -50.1    -42.1    -41.9    -44.5    -42.6    -42.1    -42      -43.6    -41.9    -42.1    -42.1    -42.1    -42.1    -41.9    -42.1    -41.9    -42.1    -41.8    -42.1    -42.1    -43.6    -43.6    -42.1    -42.1    -42.1    -42.1    -42.1    -42.1    -42.1    -42.1    -42.1   
 -44.6    -44.6    -44.6    -44.6    -44.6    -44.7    -42.1    -44.7    -44.7    -44.7    -43.9    -42.1    -44.6    -44.7    -44.2    -42.1    -42.2    -44.5    -42.1    -44.2    -44.5    -42.1    -42.2    -42.7    -44.6    -42.1    -42.1    -42      -49.7    -42.1    -44.6    -44.6    -49.7    -44.6    -49.7    -42.2    -42      -44.6    -42.7    -42.2    -42.1    -43.8    -42      -42.2    -42.2    -42.2    -42.2    -42      -42.2    -42      -42.2    -41.9    -42.2    -42.2    -43.8    -43.8    -42.2    -42.2    -42.2    -42.2    -42.2    -42.2    -42.2    -42.2    -42.2   
 -45.8    -45.8    -45.8    -45.8    -45.8    -45.9    -43.5    -45.9    -45.9    -45.9    -46.2    -43.5    -45.9    -45.9    -46      -43.5    -43.5    -45.9    -43.5    -46      -45.9    -43.5    -43.5    -44.2    -45.8    -43.5    -43.5    -43.4    -45.9    -43.5    -45.8    -45.8    -45.9    -45.8    -45.9    -43.5    -43.4    -45.8    -44.2    -43.5    -43.5    -46      -43.4    -43.5    -43.5    -43.5    -43.5    -43.4    -43.5    -43.4    -43.5    -43.3    -43.5    -43.5    -46      -46      -43.5    -43.5    -43.5    -43.5    -43.5    -43.5    -43.5    -43.5    -43.5   
 -42      -42      -42      -42      -41.9    -41.9    -42.2    -41.9    -41.9    -41.9    -41.9    -42.2    -41.9    -41.9    -41.9    -42.2    -42      -41.9    -42.2    -41.9    -41.9    -42.4    -43.1    -41.9    -41.9    -42.9    -42.9    -42.2    -41.9    -42.9    -42      -41.9    -41.9    -42      -41.9    -43.1    -42.1    -42      -41.9    -43.1    -42.9    -41.9    -42.1    -43.1    -43.1    -43.1    -43.7    -42.1    -43.1    -42.1    -43.1    -42.1    -43.6    -43.7    -41.9    -41.9    -44.1    -44      -44.3    -43.7    -46      -46.6    -46.6    -47.7    -50.9   
 -46.3    -46.3    -46.3    -46.3    -46.3    -46.3    -43.5    -46.3    -46.3    -46.3    -46      -43.5    -46.4    -46.3    -46.5    -43.5    -43.5    -46.4    -43.5    -46.5    -46.4    -43.5    -43.5    -44.2    -46.3    -43.5    -43.5    -43.4    -46.3    -43.5    -46.2    -46.3    -46.3    -46.3    -46.3    -43.5    -43.4    -46.2    -44.2    -43.5    -43.5    -45.8    -43.4    -43.5    -43.5    -43.5    -43.5    -43.4    -43.5    -43.4    -43.5    -43.3    -43.5    -43.5    -45.8    -45.8    -43.5    -43.5    -43.5    -43.5    -43.5    -43.5    -43.5    -43.5    -43.5   
 -42      -42      -42      -42      -41.9    -41.9    -42.2    -41.9    -41.9    -41.9    -41.9    -42.2    -41.9    -41.9    -41.9    -42.2    -42      -41.9    -42.2    -41.9    -41.9    -42.4    -43.1    -41.9    -41.9    -42.9    -42.9    -42.2    -41.9    -42.9    -42      -41.9    -41.9    -42      -41.9    -43.1    -42.1    -42      -41.9    -43.1    -42.9    -41.9    -42.1    -43.1    -43.1    -43.1    -43.7    -42.1    -43.1    -42.1    -43.1    -42.1    -43.6    -43.7    -41.9    -41.9    -44.1    -44      -44.3    -43.7    -46      -46.6    -46.6    -47.7    -50.9   
 -44      -44      -44      -44      -44      -44      -42.3    -44      -44      -44      -44.2    -42.3    -44.1    -44      -44.1    -42.3    -42.4    -44.1    -42.3    -44.1    -44.1    -42.3    -42.4    -42.9    -44      -42.3    -42.3    -42.2    -44      -42.3    -44      -44      -44      -44      -44      -42.4    -42.2    -44      -42.9    -42.4    -42.3    -49      -42.2    -42.4    -42.4    -42.4    -42.4    -42.2    -42.4    -42.2    -42.4    -42.1    -42.4    -42.4    -49.4    -49.4    -42.4    -42.4    -42.4    -42.4    -42.4    -42.4    -42.4    -42.4    -42.4   
 -45.8    -45.8    -45.8    -45.8    -45.8    -45.9    -43.5    -45.9    -45.9    -45.9    -46.2    -43.5    -45.9    -45.9    -46      -43.5    -43.5    -45.9    -43.5    -46      -45.9    -43.5    -43.5    -44.2    -45.8    -43.5    -43.5    -43.4    -45.9    -43.5    -45.8    -45.8    -45.9    -45.8    -45.9    -43.5    -43.4    -45.8    -44.2    -43.5    -43.5    -46      -43.4    -43.5    -43.5    -43.5    -43.5    -43.4    -43.5    -43.4    -43.5    -43.3    -43.5    -43.5    -46      -46      -43.5    -43.5    -43.5    -43.5    -43.5    -43.5    -43.5    -43.5    -43.5   
 -43.9    -43.9    -43.9    -43.9    -43.9    -43.9    -42.3    -43.9    -43.9    -43.9    -44.1    -42.3    -44      -43.9    -44      -42.3    -42.3    -44      -42.3    -44      -44      -42.3    -42.3    -42.9    -43.9    -42.3    -42.3    -42.2    -44      -42.3    -43.9    -43.9    -44      -43.9    -44      -42.3    -42.2    -43.9    -42.9    -42.3    -42.3    -48.7    -42.2    -42.3    -42.3    -42.3    -42.3    -42.2    -42.3    -42.2    -42.3    -42.1    -42.3    -42.3    -49.6    -49.6    -42.3    -42.3    -42.3    -42.3    -42.3    -42.3    -42.3    -42.3    -42.3   
 -48.1    -48.1    -48.1    -48.1    -47.3    -45.9    -42.7    -45.9    -45.9    -45.9    -44.7    -42.7    -45.5    -45.9    -45.1    -42.7    -42.7    -45.3    -42.7    -45.1    -45.3    -42.7    -42.7    -43.3    -45.6    -42.7    -42.7    -42.6    -45.6    -42.7    -45.6    -45.6    -45.6    -45.6    -45.6    -42.7    -42.6    -45.6    -43.3    -42.7    -42.7    -44.5    -42.6    -42.7    -42.7    -42.7    -42.7    -42.6    -42.7    -42.6    -42.7    -42.5    -42.7    -42.7    -44.5    -44.5    -42.7    -42.7    -42.7    -42.7    -42.7    -42.7    -42.7    -42.7    -42.7   
 -44.1    -44.1    -44.1    -44.1    -44.1    -44.1    -42.4    -44.1    -44.1    -44.1    -44.3    -42.4    -44.2    -44.1    -44.2    -42.4    -42.4    -44.2    -42.4    -44.2    -44.2    -42.4    -42.4    -43      -44.1    -42.4    -42.4    -42.3    -44.1    -42.4    -44.1    -44.1    -44.1    -44.1    -44.1    -42.4    -42.3    -44.1    -43      -42.4    -42.4    -49.2    -42.3    -42.4    -42.4    -42.4    -42.4    -42.3    -42.4    -42.3    -42.4    -42.2    -42.4    -42.4    -49.2    -49.2    -42.4    -42.4    -42.4    -42.4    -42.4    -42.4    -42.4    -42.4    -42.4   
 -45.3    -45.3    -45.3    -45.3    -45.3    -45.3    -43.5    -45.3    -45.3    -45.3    -45.5    -43.5    -45.3    -45.3    -45.4    -43.5    -43.5    -45.3    -43.5    -45.4    -45.3    -43.5    -43.5    -44.3    -45.3    -43.5    -43.5    -43.4    -45.3    -43.5    -45.3    -45.3    -45.3    -45.3    -45.3    -43.5    -43.4    -45.3    -44.3    -43.5    -43.5    -45.6    -43.4    -43.5    -43.5    -43.5    -43.5    -43.4    -43.5    -43.4    -43.5    -43.3    -43.5    -43.5    -45.6    -45.6    -43.5    -43.5    -43.5    -43.5    -43.5    -43.5    -43.5    -43.5    -43.5   
 -46.1    -46.1    -46.1    -46.1    -46.1    -46.1    -43.5    -46.1    -46.1    -46.1    -46.1    -43.5    -46.2    -46.1    -46.3    -43.5    -43.5    -46.2    -43.5    -46.3    -46.2    -43.5    -43.5    -44.2    -46.1    -43.5    -43.5    -43.4    -46.1    -43.5    -46.1    -46.1    -46.1    -46.1    -46.1    -43.5    -43.4    -46.1    -44.2    -43.5    -43.5    -45.9    -43.4    -43.5    -43.5    -43.5    -43.5    -43.4    -43.5    -43.4    -43.5    -43.3    -43.5    -43.5    -45.9    -45.9    -43.5    -43.5    -43.5    -43.5    -43.5    -43.5    -43.5    -43.5    -43.5   
 -45.6    -45.6    -45.6    -45.6    -45.6    -45.6    -43.5    -45.6    -45.6    -45.6    -45.9    -43.5    -45.7    -45.6    -45.7    -43.5    -43.5    -45.7    -43.5    -45.7    -45.7    -43.5    -43.5    -44.3    -45.6    -43.5    -43.5    -43.4    -45.6    -43.5    -45.6    -45.6    -45.6    -45.6    -45.6    -43.5    -43.4    -45.6    -44.3    -43.5    -43.5    -46      -43.4    -43.5    -43.5    -43.5    -43.5    -43.4    -43.5    -43.4    -43.5    -43.3    -43.5    -43.5    -46      -46      -43.5    -43.5    -43.5    -43.5    -43.5    -43.5    -43.5    -43.5    -43.5   
 -45.7    -45.7    -45.7    -45.7    -45.8    -45.8    -43.5    -45.8    -45.8    -45.8    -46.1    -43.5    -45.8    -45.8    -45.9    -43.5    -43.5    -45.8    -43.5    -45.9    -45.8    -43.5    -43.5    -44.3    -45.7    -43.5    -43.5    -43.4    -45.8    -43.5    -45.7    -45.7    -45.8    -45.7    -45.8    -43.5    -43.4    -45.7    -44.3    -43.5    -43.5    -46.1    -43.4    -43.5    -43.5    -43.5    -43.5    -43.4    -43.5    -43.4    -43.5    -43.3    -43.5    -43.5    -46.1    -46.1    -43.5    -43.5    -43.5    -43.5    -43.5    -43.5    -43.5    -43.5    -43.5   
 -45.8    -45.8    -45.8    -45.8    -45.8    -45.9    -43.5    -45.9    -45.9    -45.9    -46.2    -43.5    -45.9    -45.9    -46      -43.5    -43.5    -45.9    -43.5    -46      -45.9    -43.5    -43.5    -44.2    -45.8    -43.5    -43.5    -43.4    -45.9    -43.5    -45.8    -45.8    -45.9    -45.8    -45.9    -43.5    -43.4    -45.8    -44.2    -43.5    -43.5    -46      -43.4    -43.5    -43.5    -43.5    -43.5    -43.4    -43.5    -43.4    -43.5    -43.3    -43.5    -43.5    -46      -46      -43.5    -43.5    -43.5    -43.5    -43.5    -43.5    -43.5    -43.5    -43.5   
 -42.2    -42.2    -42.2    -42.2    -42.2    -42.2    -42.5    -42.2    -42.2    -42.2    -42.2    -42.5    -42.2    -42.2    -42.2    -42.5    -42.4    -42.2    -42.6    -42.2    -42.2    -42.8    -43.3    -42.2    -42.2    -48.2    -44.3    -42.5    -42.2    -43.5    -42.2    -42.2    -42.2    -42.2    -42.2    -43.3    -42.5    -42.2    -42.2    -43.3    -48.6    -42.2    -42.5    -43.3    -43.3    -43.3    -43.3    -42.5    -43.3    -42.5    -43.3    -42.4    -43.3    -43.3    -42.2    -42.2    -43.3    -43.3    -43.3    -43.3    -43.3    -43.3    -43.3    -43.3    -43.3   
 -42.4    -42.4    -42.4    -42.4    -42.4    -42.4    -42.8    -42.4    -42.4    -42.4    -42.4    -42.8    -42.4    -42.4    -42.4    -42.8    -42.6    -42.4    -42.8    -42.4    -42.4    -43      -43.6    -42.4    -42.4    -49      -44.7    -42.7    -42.4    -43.7    -42.4    -42.4    -42.4    -42.4    -42.4    -43.6    -42.7    -42.4    -42.4    -43.6    -49.4    -42.4    -42.7    -43.6    -43.6    -43.6    -43.6    -42.7    -43.6    -42.7    -43.6    -42.6    -43.6    -43.6    -42.4    -42.4    -43.6    -43.6    -43.6    -43.6    -43.6    -43.6    -43.6    -43.6    -43.6   
 -47.1    -47.1    -47.1    -47.1    -47.1    -47      -43.3    -47      -47      -47      -45.6    -43.3    -46.5    -47      -46      -43.3    -43.3    -46.4    -43.3    -46      -46.4    -43.3    -43.3    -44      -46.7    -43.3    -43.3    -43.2    -46.7    -43.3    -46.7    -46.7    -46.7    -46.7    -46.7    -43.3    -43.2    -46.7    -44      -43.3    -43.3    -45.4    -43.2    -43.3    -43.3    -43.3    -43.3    -43.2    -43.3    -43.2    -43.3    -43.1    -43.3    -43.3    -45.4    -45.4    -43.3    -43.3    -43.3    -43.3    -43.3    -43.3    -43.3    -43.3    -43.3   
 -47.7    -47.7    -47.7    -47.7    -47.7    -46.2    -42.9    -46.2    -46.2    -46.2    -45      -42.9    -45.8    -46.2    -45.4    -42.9    -42.9    -45.6    -42.9    -45.4    -45.6    -42.9    -42.9    -43.5    -46      -42.9    -42.9    -42.8    -45.9    -42.9    -45.9    -45.9    -45.9    -45.9    -45.9    -42.9    -42.8    -45.9    -43.5    -42.9    -42.9    -44.8    -42.8    -42.9    -42.9    -42.9    -42.9    -42.8    -42.9    -42.8    -42.9    -42.7    -42.9    -42.9    -44.8    -44.8    -42.9    -42.9    -42.9    -42.9    -42.9    -42.9    -42.9    -42.9    -42.9   
 -42.5    -42.5    -42.5    -42.5    -42.5    -42.5    -42.8    -42.5    -42.5    -42.5    -42.4    -42.8    -42.5    -42.5    -42.4    -42.8    -42.6    -42.5    -42.9    -42.4    -42.5    -43.1    -43.6    -42.4    -42.5    -49.1    -44.8    -42.8    -42.5    -43.8    -42.5    -42.5    -42.5    -42.5    -42.5    -43.6    -42.8    -42.5    -42.4    -43.6    -49.4    -42.4    -42.8    -43.6    -43.6    -43.6    -43.6    -42.8    -43.6    -42.8    -43.6    -42.7    -43.6    -43.6    -42.4    -42.4    -43.6    -43.6    -43.6    -43.6    -43.6    -43.6    -43.6    -43.6    -43.6   
 -43.8    -43.8    -43.8    -43.8    -43.8    -43.8    -44.2    -43.8    -43.8    -43.8    -43.8    -44.2    -43.8    -43.8    -43.8    -44.2    -45      -43.8    -44.1    -43.8    -43.8    -44      -44      -43.8    -43.8    -44      -44      -44.1    -43.8    -44      -43.8    -43.8    -43.8    -43.8    -43.8    -44      -44.1    -43.8    -43.8    -44      -44      -43.8    -44.1    -44      -44      -44      -44      -44.1    -44      -44.1    -44      -44      -44      -44      -43.8    -43.8    -44      -44      -44      -44      -44      -44      -44      -44      -44     
 -42.4    -42.4    -42.4    -42.4    -42.4    -42.4    -42.7    -42.4    -42.4    -42.4    -42.4    -42.7    -42.4    -42.4    -42.4    -42.7    -42.5    -42.4    -42.8    -42.4    -42.4    -43      -43.8    -42.3    -42.4    -43.5    -43.5    -42.7    -42.4    -43.5    -42.4    -42.4    -42.4    -42.4    -42.4    -43.8    -42.7    -42.4    -42.3    -43.8    -43.5    -42.4    -42.7    -43.8    -43.8    -43.8    -46.8    -42.7    -43.8    -42.7    -43.8    -42.6    -44.4    -47.2    -42.4    -42.4    -44.4    -44.4    -44.4    -49.5    -44.4    -44.4    -44.4    -44.4    -44.4   
 -42.7    -42.7    -42.7    -42.7    -42.7    -42.7    -43      -42.7    -42.7    -42.7    -42.6    -43      -42.6    -42.7    -42.6    -43      -42.8    -42.6    -43.1    -42.6    -42.6    -43.3    -44.2    -42.6    -42.7    -43.9    -43.9    -43      -42.6    -43.9    -42.7    -42.7    -42.6    -42.7    -42.6    -44.2    -43      -42.7    -42.6    -44.2    -43.9    -42.6    -43      -44.2    -44.2    -44.2    -47.4    -43      -44.2    -43      -44.2    -42.9    -44.8    -48.1    -42.6    -42.6    -44.8    -44.8    -44.8    -47.9    -44.8    -44.8    -44.8    -44.8    -44.8   
 -42.5    -42.5    -42.5    -42.5    -42.5    -42.5    -42.9    -42.5    -42.5    -42.5    -42.5    -42.9    -42.5    -42.5    -42.5    -42.9    -42.7    -42.5    -43      -42.5    -42.5    -43.2    -43.7    -42.5    -42.5    -49.4    -44.9    -42.9    -42.5    -43.9    -42.5    -42.5    -42.5    -42.5    -42.5    -43.7    -42.8    -42.5    -42.5    -43.7    -49.4    -42.5    -42.8    -43.7    -43.7    -43.7    -43.7    -42.8    -43.7    -42.8    -43.7    -42.8    -43.7    -43.7    -42.5    -42.5    -43.7    -43.7    -43.7    -43.7    -43.7    -43.7    -43.7    -43.7    -43.7   
 -42.6    -42.6    -42.6    -42.6    -42.6    -42.6    -43      -42.6    -42.6    -42.6    -42.6    -43      -42.6    -42.6    -42.6    -43      -42.8    -42.6    -43      -42.6    -42.6    -43.2    -44.1    -42.6    -42.6    -43.8    -43.8    -42.9    -42.6    -43.8    -42.6    -42.6    -42.6    -42.6    -42.6    -44.1    -42.9    -42.6    -42.6    -44.1    -43.8    -42.6    -42.9    -44.1    -44.1    -44.1    -47.3    -42.9    -44.1    -42.9    -44.1    -42.8    -44.7    -47.8    -42.6    -42.6    -44.8    -44.8    -44.8    -48.9    -44.7    -44.7    -44.7    -44.7    -44.7   
 -42.4    -42.4    -42.4    -42.4    -42.4    -42.4    -42.7    -42.4    -42.4    -42.4    -42.4    -42.7    -42.4    -42.4    -42.4    -42.7    -42.5    -42.4    -42.8    -42.4    -42.4    -43      -43.8    -42.3    -42.4    -43.5    -43.5    -42.7    -42.4    -43.5    -42.4    -42.4    -42.4    -42.4    -42.4    -43.8    -42.7    -42.4    -42.3    -43.8    -43.5    -42.4    -42.7    -43.8    -43.8    -43.8    -46.7    -42.7    -43.8    -42.7    -43.8    -42.6    -44.4    -47.3    -42.4    -42.4    -44.4    -44.4    -44.4    -47.2    -44.4    -44.4    -44.4    -44.4    -44.4   
 -42.9    -42.9    -42.9    -42.9    -42.9    -42.9    -43.2    -42.8    -42.9    -42.9    -42.8    -43.2    -42.8    -42.9    -42.8    -43.2    -43      -42.8    -43.3    -42.8    -42.8    -43.5    -44.4    -42.8    -42.9    -44.1    -44.1    -43.2    -42.8    -44.1    -42.9    -42.9    -42.8    -42.9    -42.8    -44.4    -43.2    -42.9    -42.8    -44.4    -44.1    -42.8    -43.2    -44.4    -44.4    -44.4    -48      -43.2    -44.4    -43.2    -44.4    -43.1    -45.1    -48.3    -42.8    -42.8    -45.2    -45.2    -45.1    -48.3    -45.1    -45.1    -45.1    -45.1    -45.1   
 -42.8    -42.8    -42.8    -42.8    -42.8    -42.8    -43.2    -42.8    -42.8    -42.8    -42.8    -43.2    -42.8    -42.8    -42.8    -43.2    -43      -42.8    -43.3    -42.8    -42.8    -43.5    -44.4    -42.8    -42.8    -44.1    -44.1    -43.2    -42.8    -44.1    -42.8    -42.8    -42.8    -42.8    -42.8    -44.4    -43.2    -42.8    -42.8    -44.4    -44.1    -42.8    -43.2    -44.4    -44.4    -44.4    -48.3    -43.2    -44.4    -43.2    -44.4    -43.1    -45.1    -47.9    -42.8    -42.8    -45.1    -45.1    -45.1    -47.9    -45.1    -45.1    -45.1    -45.1    -45.1   
 -42.6    -42.6    -42.6    -42.6    -42.6    -42.6    -43      -42.6    -42.6    -42.6    -42.6    -43      -42.6    -42.6    -42.6    -43      -42.8    -42.6    -43      -42.6    -42.6    -43.2    -44.1    -42.6    -42.6    -43.8    -43.8    -42.9    -42.6    -43.8    -42.6    -42.6    -42.6    -42.6    -42.6    -44.1    -42.9    -42.6    -42.6    -44.1    -43.8    -42.6    -42.9    -44.1    -44.1    -44.1    -44.8    -42.9    -44.1    -42.9    -44.1    -42.8    -44.7    -44.8    -42.6    -42.6    -45.4    -45.2    -48.7    -44.8    -45.5    -45.5    -45.5    -45.5    -45.5   
 -42.6    -42.6    -42.6    -42.6    -42.6    -42.6    -48.5    -42.6    -42.6    -42.6    -42.6    -48.6    -42.6    -42.6    -42.6    -46.6    -42.9    -42.6    -43.2    -42.6    -42.6    -43      -43      -42.5    -42.6    -43      -43      -43.1    -42.6    -43      -42.6    -42.6    -42.6    -42.6    -42.6    -43      -43.1    -42.6    -42.5    -43      -43      -42.6    -43.1    -43      -43      -43      -43      -43.1    -43      -43.1    -43      -43      -42.9    -43      -42.6    -42.6    -42.9    -42.9    -42.9    -43      -42.9    -42.9    -42.9    -42.9    -42.9   
 -42.7    -42.7    -42.7    -42.7    -42.7    -42.7    -49      -42.7    -42.7    -42.7    -42.7    -49      -42.7    -42.7    -42.7    -46.9    -43      -42.7    -43.3    -42.7    -42.7    -43.2    -43.1    -42.7    -42.7    -43.1    -43.1    -43.2    -42.7    -43.1    -42.7    -42.7    -42.7    -42.7    -42.7    -43.1    -43.2    -42.7    -42.7    -43.1    -43.1    -42.7    -43.2    -43.1    -43.1    -43.1    -43.1    -43.2    -43.1    -43.2    -43.1    -43.1    -43.1    -43.1    -42.7    -42.7    -43.1    -43.1    -43.1    -43.1    -43.1    -43.1    -43.1    -43.1    -43.1   
 -43.1    -43.1    -43.1    -43.1    -43.1    -43.1    -43.5    -43.1    -43.1    -43.1    -43.1    -43.5    -43.1    -43.1    -43.1    -43.5    -43.3    -43.1    -43.6    -43.1    -43.1    -43.9    -44.5    -43      -43.1    -47.5    -46      -43.5    -43.1    -44.7    -43.1    -43.1    -43.1    -43.1    -43.1    -44.5    -43.5    -43.1    -43      -44.5    -47.5    -43.1    -43.5    -44.5    -44.5    -44.5    -44.5    -43.5    -44.5    -43.5    -44.5    -43.4    -44.5    -44.5    -43.1    -43.1    -44.5    -44.5    -44.5    -44.5    -44.5    -44.5    -44.5    -44.5    -44.5   
 -44      -44      -44      -44      -44      -44      -44.8    -44      -44      -44      -44      -44.8    -44      -44      -44      -44.8    -44.9    -44      -44.7    -44      -44      -44.5    -44.4    -43.9    -44      -44.4    -44.4    -44.7    -44      -44.4    -44      -44      -44      -44      -44      -44.4    -44.7    -44      -43.9    -44.4    -44.4    -44      -44.7    -44.4    -44.4    -44.4    -44.4    -44.7    -44.4    -44.7    -44.4    -44.6    -44.4    -44.4    -44      -44      -44.4    -44.4    -44.4    -44.4    -44.4    -44.4    -44.4    -44.4    -44.4   
 -42.7    -42.7    -42.7    -42.7    -42.7    -42.7    -43      -42.7    -42.7    -42.7    -42.7    -43      -42.7    -42.7    -42.7    -43      -42.8    -42.7    -43.1    -42.7    -42.7    -43.3    -44.2    -42.6    -42.7    -43.9    -43.9    -43      -42.7    -43.9    -42.7    -42.7    -42.7    -42.7    -42.7    -44.2    -43      -42.7    -42.6    -44.2    -43.9    -42.7    -43      -44.2    -44.2    -44.2    -44.8    -43      -44.2    -43      -44.2    -42.9    -44.8    -44.8    -42.7    -42.7    -45.5    -45.3    -45.6    -44.8    -48      -48.8    -48.8    -48.8    -48.7   
 -44      -44      -44      -44      -44      -44      -44.8    -44      -44      -44      -44      -44.8    -44      -44      -44      -44.8    -44.9    -44      -44.7    -44      -44      -44.5    -44.4    -43.9    -44      -44.4    -44.4    -44.7    -44      -44.4    -44      -44      -44      -44      -44      -44.4    -44.7    -44      -43.9    -44.4    -44.4    -44      -44.7    -44.4    -44.4    -44.4    -44.4    -44.7    -44.4    -44.7    -44.4    -44.6    -44.4    -44.4    -44      -44      -44.4    -44.4    -44.4    -44.4    -44.4    -44.4    -44.4    -44.4    -44.4   
 -42.5    -42.5    -42.5    -42.5    -42.5    -42.5    -42.9    -42.5    -42.5    -42.5    -42.5    -42.9    -42.5    -42.5    -42.5    -42.9    -42.7    -42.5    -42.9    -42.5    -42.5    -43.1    -44      -42.5    -42.5    -43.7    -43.7    -42.8    -42.5    -43.7    -42.5    -42.5    -42.5    -42.5    -42.5    -44      -42.8    -42.5    -42.5    -44      -43.7    -42.5    -42.8    -44      -44      -44      -44.6    -42.8    -44      -42.8    -44      -42.7    -44.5    -44.6    -42.5    -42.5    -45.2    -45      -45.4    -44.6    -47.6    -48.3    -48.3    -49.3    -49.2   
 -42.7    -42.7    -42.7    -42.7    -42.7    -42.7    -48.9    -42.7    -42.7    -42.7    -42.7    -49      -42.7    -42.7    -42.7    -47.1    -43.1    -42.7    -43.4    -42.7    -42.7    -43.2    -43.1    -42.7    -42.7    -43.2    -43.2    -43.3    -42.7    -43.2    -42.7    -42.7    -42.7    -42.7    -42.7    -43.1    -43.3    -42.7    -42.7    -43.1    -43.2    -42.7    -43.3    -43.1    -43.1    -43.1    -43.1    -43.3    -43.1    -43.3    -43.1    -43.2    -43.1    -43.1    -42.7    -42.7    -43.1    -43.1    -43.1    -43.1    -43.1    -43.1    -43.1    -43.1    -43.1   
 -43.2    -43.2    -43.2    -43.2    -43.2    -43.2    -43.9    -43.2    -43.2    -43.2    -43.1    -43.9    -43.2    -43.2    -43.2    -43.9    -43.6    -43.2    -44      -43.2    -43.2    -43.8    -43.7    -43.1    -43.2    -43.7    -43.7    -45.9    -43.2    -43.7    -43.2    -43.2    -43.2    -43.2    -43.2    -43.7    -47      -43.2    -43.1    -43.7    -43.7    -43.1    -47      -43.7    -43.7    -43.7    -43.7    -47      -43.7    -47.6    -43.7    -46.2    -43.7    -43.7    -43.1    -43.1    -43.7    -43.7    -43.7    -43.7    -43.7    -43.7    -43.7    -43.7    -43.7   
 -42.7    -42.7    -42.7    -42.7    -42.7    -42.7    -48.9    -42.7    -42.7    -42.7    -42.7    -49      -42.7    -42.7    -42.7    -47.1    -43.1    -42.7    -43.4    -42.7    -42.7    -43.2    -43.1    -42.7    -42.7    -43.2    -43.2    -43.3    -42.7    -43.2    -42.7    -42.7    -42.7    -42.7    -42.7    -43.1    -43.3    -42.7    -42.7    -43.1    -43.2    -42.7    -43.3    -43.1    -43.1    -43.1    -43.1    -43.3    -43.1    -43.3    -43.1    -43.2    -43.1    -43.1    -42.7    -42.7    -43.1    -43.1    -43.1    -43.1    -43.1    -43.1    -43.1    -43.1    -43.1   
 -43.1    -43.1    -43.1    -43.1    -43.1    -43.1    -43.6    -43.1    -43.1    -43.1    -43.1    -43.6    -43.1    -43.1    -43.1    -43.6    -43.3    -43.1    -43.6    -43.1    -43.1    -43.9    -44.9    -43.1    -43.1    -44.5    -44.5    -43.5    -43.1    -44.5    -43.1    -43.1    -43.1    -43.1    -43.1    -44.9    -43.5    -43.1    -43.1    -44.9    -44.5    -43.1    -43.5    -44.9    -44.9    -44.9    -47.4    -43.5    -44.9    -43.5    -44.9    -43.4    -45.6    -47.4    -43.1    -43.1    -45.7    -45.7    -45.6    -47.4    -45.6    -45.6    -45.6    -45.6    -45.6   
 -43.1    -43.1    -43.1    -43.1    -43.1    -43.1    -43.8    -43.1    -43.1    -43.1    -43.1    -43.8    -43.1    -43.1    -43.1    -43.8    -43.5    -43.1    -43.9    -43.1    -43.1    -43.7    -43.6    -43.1    -43.1    -43.6    -43.6    -45.8    -43.1    -43.6    -43.1    -43.1    -43.1    -43.1    -43.1    -43.6    -46.1    -43.1    -43.1    -43.6    -43.6    -43.1    -46.1    -43.6    -43.6    -43.6    -43.6    -46.1    -43.6    -46.1    -43.6    -47.7    -43.6    -43.6    -43.1    -43.1    -43.6    -43.6    -43.6    -43.6    -43.6    -43.6    -43.6    -43.6    -43.6   
 -44      -44      -44      -44      -44      -44      -45.1    -44      -44      -44      -44      -45.1    -44      -44      -44      -45.1    -44.8    -44      -45      -44      -44      -44.8    -44.6    -44      -44      -44.6    -44.6    -45      -44      -44.6    -44      -44      -44      -44      -44      -44.6    -44.9    -44      -44      -44.6    -44.6    -44      -44.9    -44.6    -44.6    -44.6    -44.6    -44.9    -44.6    -44.9    -44.6    -44.9    -44.6    -44.6    -44      -44      -44.6    -44.6    -44.6    -44.6    -44.6    -44.6    -44.6    -44.6    -44.6   
 -43.4    -43.4    -43.4    -43.4    -43.4    -43.4    -43.9    -43.4    -43.4    -43.4    -43.4    -43.9    -43.4    -43.4    -43.4    -43.9    -43.7    -43.4    -44      -43.4    -43.4    -44.2    -45.3    -43.4    -43.4    -45      -45      -43.9    -43.4    -45      -43.5    -43.4    -43.4    -43.4    -43.4    -45.3    -43.9    -43.5    -43.4    -45.3    -45      -43.4    -43.9    -45.3    -45.3    -45.3    -46.2    -43.9    -45.3    -43.9    -45.3    -43.8    -46.1    -46.2    -43.4    -43.4    -46.8    -46.8    -46.8    -46.2    -46.7    -46.7    -46.7    -46.7    -46.7   
 -42.7    -42.7    -42.7    -42.7    -42.7    -42.7    -43      -42.7    -42.7    -42.7    -42.7    -43      -42.7    -42.7    -42.7    -43      -42.8    -42.7    -43.1    -42.7    -42.7    -43.3    -44.2    -42.6    -42.7    -43.9    -43.9    -43      -42.7    -43.9    -42.7    -42.7    -42.7    -42.7    -42.7    -44.2    -43      -42.7    -42.6    -44.2    -43.9    -42.7    -43      -44.2    -44.2    -44.2    -44.8    -43      -44.2    -43      -44.2    -42.9    -44.8    -44.8    -42.7    -42.7    -45.5    -45.3    -45.6    -44.8    -48      -48.8    -48.8    -48.8    -48.7   
 -41.8    -41.8    -41.8    -41.8    -41.8    -41.8    -42.1    -41.8    -41.8    -41.8    -41.8    -42.1    -41.8    -41.8    -41.8    -42.1    -41.9    -41.8    -42.1    -41.8    -41.8    -42.3    -42.8    -41.8    -41.8    -44.1    -43.7    -42.1    -41.8    -42.9    -41.8    -41.8    -41.8    -41.8    -41.8    -42.8    -42      -41.8    -41.8    -42.8    -44.1    -41.8    -42      -42.8    -42.8    -42.8    -42.8    -42      -42.8    -42      -42.8    -42      -42.8    -42.8    -41.8    -41.8    -42.8    -42.8    -42.8    -42.8    -42.8    -42.8    -42.8    -42.8    -42.8   
 -43      -43      -43      -43      -43      -43      -43.7    -43      -43      -43      -43      -43.7    -43      -43      -43      -43.7    -43.3    -43      -43.7    -43      -43      -43.6    -43.5    -42.9    -43      -43.5    -43.5    -45.6    -43      -43.5    -43      -43      -43      -43      -43      -43.5    -46.5    -43      -42.9    -43.5    -43.5    -43      -46.5    -43.5    -43.5    -43.5    -43.5    -46.5    -43.5    -47.1    -43.5    -45.8    -43.5    -43.5    -43      -43      -43.5    -43.5    -43.5    -43.5    -43.5    -43.5    -43.5    -43.5    -43.5   
 -42.2    -42.2    -42.2    -42.2    -42.2    -42.2    -50.5    -42.2    -42.2    -42.2    -42.2    -47.5    -42.2    -42.2    -42.2    -45.7    -42.5    -42.2    -42.7    -42.2    -42.2    -42.6    -42.6    -42.2    -42.2    -42.6    -42.6    -42.7    -42.2    -42.6    -42.2    -42.2    -42.2    -42.2    -42.2    -42.6    -42.6    -42.2    -42.2    -42.6    -42.6    -42.2    -42.6    -42.6    -42.6    -42.6    -42.6    -42.6    -42.6    -42.6    -42.6    -42.6    -42.6    -42.6    -42.2    -42.2    -42.6    -42.6    -42.6    -42.6    -42.6    -42.6    -42.6    -42.6    -42.6   
 -43      -43      -43      -43      -43      -43      -43.7    -43      -43      -43      -43      -43.7    -43      -43      -43      -43.7    -43.3    -43      -43.7    -43      -43      -43.6    -43.5    -42.9    -43      -43.5    -43.5    -45.6    -43      -43.5    -43      -43      -43      -43      -43      -43.5    -46.5    -43      -42.9    -43.5    -43.5    -43      -46.5    -43.5    -43.5    -43.5    -43.5    -46.5    -43.5    -47.1    -43.5    -45.8    -43.5    -43.5    -43      -43      -43.5    -43.5    -43.5    -43.5    -43.5    -43.5    -43.5    -43.5    -43.5   
 -43.4    -43.4    -43.4    -43.4    -43.4    -43.4    -43.9    -43.4    -43.4    -43.4    -43.4    -43.9    -43.4    -43.4    -43.4    -43.9    -43.7    -43.4    -44      -43.4    -43.4    -44.2    -45.3    -43.4    -43.4    -45      -45      -43.9    -43.4    -45      -43.5    -43.4    -43.4    -43.4    -43.4    -45.3    -43.9    -43.5    -43.4    -45.3    -45      -43.4    -43.9    -45.3    -45.3    -45.3    -46.2    -43.9    -45.3    -43.9    -45.3    -43.8    -46.1    -46.2    -43.4    -43.4    -46.8    -46.8    -46.8    -46.2    -46.7    -46.7    -46.7    -46.7    -46.7   
 -43      -43      -43      -43      -43      -43      -43.7    -43      -43      -43      -43      -43.7    -43      -43      -43      -43.7    -43.3    -43      -43.7    -43      -43      -43.6    -43.5    -42.9    -43      -43.5    -43.5    -45.6    -43      -43.5    -43      -43      -43      -43      -43      -43.5    -46.5    -43      -42.9    -43.5    -43.5    -43      -46.5    -43.5    -43.5    -43.5    -43.5    -46.5    -43.5    -47.1    -43.5    -45.8    -43.5    -43.5    -43      -43      -43.5    -43.5    -43.5    -43.5    -43.5    -43.5    -43.5    -43.5    -43.5   
 -43      -43      -43      -43      -43      -43      -43.7    -43      -43      -43      -43      -43.7    -43      -43      -43      -43.7    -43.3    -43      -43.7    -43      -43      -43.6    -43.5    -42.9    -43      -43.5    -43.5    -45.6    -43      -43.5    -43      -43      -43      -43      -43      -43.5    -46.5    -43      -42.9    -43.5    -43.5    -43      -46.5    -43.5    -43.5    -43.5    -43.5    -46.5    -43.5    -47.1    -43.5    -45.8    -43.5    -43.5    -43      -43      -43.5    -43.5    -43.5    -43.5    -43.5    -43.5    -43.5    -43.5    -43.5   
 -44      -44      -44      -44      -43.9    -43.9    -44.6    -43.9    -43.9    -43.9    -43.9    -44.6    -43.9    -43.9    -43.9    -44.6    -44.2    -43.9    -44.6    -43.9    -43.9    -45      -45.6    -43.9    -43.9    -45.7    -45.7    -44.5    -43.9    -45.7    -44      -43.9    -43.9    -43.9    -43.9    -45.6    -44.5    -44      -43.9    -45.6    -45.7    -43.9    -44.5    -45.6    -45.6    -45.6    -45.6    -44.5    -45.6    -44.5    -45.6    -44.4    -45.6    -45.6    -43.9    -43.9    -45.6    -45.6    -45.6    -45.6    -45.5    -45.5    -45.5    -45.5    -45.5   
 -43.6    -43.6    -43.6    -43.6    -43.6    -43.6    -44.1    -43.6    -43.6    -43.6    -43.6    -44.1    -43.6    -43.6    -43.6    -44.1    -43.9    -43.6    -44.2    -43.6    -43.6    -44.5    -45.2    -43.6    -43.6    -46.1    -46.1    -44.1    -43.6    -45.5    -43.6    -43.6    -43.6    -43.6    -43.6    -45.2    -44.1    -43.6    -43.6    -45.2    -46.1    -43.6    -44.1    -45.2    -45.2    -45.2    -45.2    -44.1    -45.2    -44.1    -45.2    -44      -45.2    -45.2    -43.6    -43.6    -45.2    -45.2    -45.2    -45.2    -45.2    -45.2    -45.2    -45.2    -45.2   
 -45.8    -45.8    -45.8    -45.8    -45.8    -48.2    -42.6    -47.4    -48.2    -48.2    -44.6    -42.6    -45.4    -48.2    -45      -42.6    -42.7    -45.3    -42.6    -45      -45.3    -42.6    -42.7    -43.2    -45.6    -42.7    -42.7    -42.6    -45.5    -42.7    -45.5    -45.5    -45.5    -45.5    -45.5    -42.7    -42.5    -45.5    -43.2    -42.7    -42.7    -44.5    -42.5    -42.7    -42.7    -42.7    -42.7    -42.5    -42.7    -42.5    -42.7    -42.5    -42.7    -42.7    -44.5    -44.5    -42.7    -42.7    -42.7    -42.7    -42.7    -42.7    -42.7    -42.7    -42.7   
 -45.6    -45.6    -45.6    -45.6    -45.7    -48.4    -42.6    -47.2    -48.4    -48.4    -44.5    -42.6    -45.3    -48      -44.9    -42.6    -42.6    -45.2    -42.6    -44.9    -45.2    -42.6    -42.6    -43.2    -45.4    -42.6    -42.6    -42.5    -45.4    -42.6    -45.4    -45.4    -45.4    -45.4    -45.4    -42.6    -42.5    -45.4    -43.2    -42.6    -42.6    -44.4    -42.5    -42.6    -42.6    -42.6    -42.6    -42.5    -42.6    -42.5    -42.6    -42.4    -42.6    -42.6    -44.4    -44.4    -42.6    -42.6    -42.6    -42.6    -42.6    -42.6    -42.6    -42.6    -42.6   
 -43.7    -43.7    -43.7    -43.7    -43.6    -43.6    -44.6    -43.6    -43.6    -43.6    -43.6    -44.6    -43.6    -43.6    -43.6    -44.6    -44.1    -43.6    -44.6    -43.6    -43.6    -44.4    -44.2    -43.6    -43.7    -44.3    -44.3    -46.2    -43.6    -44.3    -43.7    -43.7    -43.6    -43.7    -43.6    -44.2    -46.2    -43.7    -43.6    -44.2    -44.3    -43.6    -46.2    -44.2    -44.2    -44.2    -44.2    -46.2    -44.2    -46.2    -44.2    -46.1    -44.2    -44.2    -43.6    -43.6    -44.2    -44.2    -44.2    -44.2    -44.2    -44.2    -44.2    -44.2    -44.2   
 -43.4    -43.4    -43.4    -43.4    -43.4    -43.4    -43.9    -43.4    -43.4    -43.4    -43.4    -43.9    -43.4    -43.4    -43.4    -43.9    -43.7    -43.4    -44      -43.4    -43.4    -44.2    -45.3    -43.4    -43.4    -45      -45      -43.9    -43.4    -45      -43.5    -43.4    -43.4    -43.4    -43.4    -45.3    -43.9    -43.5    -43.4    -45.3    -45      -43.4    -43.9    -45.3    -45.3    -45.3    -46.2    -43.9    -45.3    -43.9    -45.3    -43.8    -46.1    -46.2    -43.4    -43.4    -46.8    -46.8    -46.8    -46.2    -46.7    -46.7    -46.7    -46.7    -46.7   
 -44      -44      -44      -44      -44      -44      -45.1    -44      -44      -44      -44      -45.1    -44      -44      -44      -45.1    -44.6    -44      -45.2    -44      -44      -44.9    -44.7    -44      -44      -44.7    -44.7    -45.3    -44      -44.7    -44.1    -44      -44      -44      -44      -44.7    -45.2    -44.1    -44      -44.7    -44.7    -44      -45.2    -44.7    -44.7    -44.7    -44.7    -45.2    -44.7    -45.2    -44.7    -45.2    -44.7    -44.7    -44      -44      -44.7    -44.7    -44.7    -44.7    -44.7    -44.7    -44.7    -44.7    -44.7   
 -43.7    -43.7    -43.7    -43.7    -43.7    -43.7    -44.3    -43.7    -43.7    -43.7    -43.7    -44.3    -43.7    -43.7    -43.7    -44.3    -44      -43.7    -44.3    -43.7    -43.7    -44.6    -45.8    -43.7    -43.7    -45.4    -45.4    -44.2    -43.7    -45.4    -43.7    -43.7    -43.7    -43.7    -43.7    -45.8    -44.2    -43.7    -43.7    -45.8    -45.4    -43.7    -44.2    -45.8    -45.8    -45.8    -46.2    -44.2    -45.8    -44.2    -45.8    -44.1    -46.2    -46.2    -43.7    -43.7    -46.2    -46.2    -46.2    -46.2    -46.2    -46.2    -46.2    -46.2    -46.2   
 -44.1    -44.1    -44.1    -44.1    -44      -44      -45      -44      -44      -44      -44      -45      -44      -44      -44      -45      -44.5    -44      -45.1    -44      -44      -45.1    -44.8    -44      -44      -44.9    -44.9    -45      -44      -44.9    -44.1    -44      -44      -44.1    -44      -44.9    -45      -44.1    -44      -44.9    -44.9    -44      -45      -44.8    -44.9    -44.8    -44.8    -45      -44.8    -45      -44.8    -44.9    -44.8    -44.8    -44      -44      -44.8    -44.8    -44.8    -44.8    -44.8    -44.8    -44.8    -44.8    -44.8   
 -42.3    -42.3    -42.3    -42.3    -42.3    -42.3    -42.6    -42.3    -42.3    -42.3    -42.3    -42.6    -42.3    -42.3    -42.3    -42.6    -42.4    -42.3    -42.7    -42.3    -42.3    -42.9    -49      -42.3    -42.3    -43.4    -43.4    -42.6    -42.3    -43.4    -42.3    -42.3    -42.3    -42.3    -42.3    -45      -42.6    -42.3    -42.3    -44.6    -43.4    -42.3    -42.6    -44.6    -44.6    -44.6    -43.7    -42.6    -44.6    -42.6    -44.6    -42.5    -43.7    -43.7    -42.3    -42.3    -43.7    -43.7    -43.7    -43.7    -43.7    -43.7    -43.7    -43.7    -43.7   
 -42.3    -42.3    -42.3    -42.3    -42.3    -42.3    -42.6    -42.3    -42.3    -42.3    -42.3    -42.6    -42.3    -42.3    -42.3    -42.6    -42.4    -42.3    -42.7    -42.3    -42.3    -42.9    -49      -42.3    -42.3    -43.4    -43.4    -42.6    -42.3    -43.4    -42.3    -42.3    -42.3    -42.3    -42.3    -45      -42.6    -42.3    -42.3    -44.6    -43.4    -42.3    -42.6    -44.6    -44.6    -44.6    -43.7    -42.6    -44.6    -42.6    -44.6    -42.5    -43.7    -43.7    -42.3    -42.3    -43.7    -43.7    -43.7    -43.7    -43.7    -43.7    -43.7    -43.7    -43.7   
 -45.5    -45.5    -45.5    -45.5    -45.5    -48.2    -42.5    -47      -48.3    -48.5    -44.4    -42.5    -45.1    -47.7    -44.8    -42.5    -42.5    -45      -42.5    -44.8    -45      -42.5    -42.5    -43.1    -45.3    -42.5    -42.5    -42.4    -45.3    -42.5    -45.3    -45.3    -45.3    -45.3    -45.3    -42.5    -42.4    -45.3    -43.1    -42.5    -42.5    -44.3    -42.4    -42.5    -42.5    -42.5    -42.5    -42.4    -42.5    -42.4    -42.5    -42.3    -42.5    -42.5    -44.3    -44.3    -42.5    -42.5    -42.5    -42.5    -42.5    -42.5    -42.5    -42.5    -42.5   
 -43.9    -43.9    -43.9    -43.9    -43.9    -43.9    -44.7    -43.9    -43.9    -43.9    -43.9    -44.7    -43.9    -43.9    -43.9    -44.7    -44.3    -43.9    -44.8    -43.9    -43.9    -45.4    -44.9    -43.9    -43.9    -44.9    -44.9    -44.7    -43.9    -44.9    -43.9    -43.9    -43.9    -43.9    -43.9    -44.9    -44.7    -43.9    -43.9    -44.9    -44.9    -43.9    -44.7    -44.9    -44.9    -44.9    -44.9    -44.7    -44.9    -44.7    -44.9    -44.6    -44.9    -44.9    -43.9    -43.9    -44.9    -44.9    -44.9    -44.9    -44.8    -44.8    -44.8    -44.8    -44.8   
 -45.6    -45.6    -45.6    -45.6    -45.6    -48.4    -42.5    -47.1    -48.4    -48.4    -44.5    -42.5    -45.2    -47.9    -44.8    -42.5    -42.6    -45.1    -42.5    -44.8    -45.1    -42.5    -42.6    -43.1    -45.4    -42.6    -42.6    -42.4    -45.3    -42.6    -45.4    -45.4    -45.3    -45.4    -45.3    -42.6    -42.4    -45.4    -43.1    -42.6    -42.6    -44.3    -42.4    -42.6    -42.6    -42.6    -42.6    -42.4    -42.6    -42.4    -42.6    -42.4    -42.6    -42.6    -44.3    -44.3    -42.6    -42.6    -42.6    -42.6    -42.6    -42.6    -42.6    -42.6    -42.6   
 -45.3    -45.3    -45.3    -45.3    -45.3    -47.9    -42.4    -46.7    -47.9    -48.8    -44.2    -42.4    -44.9    -47.4    -44.6    -42.4    -42.4    -44.8    -42.4    -44.6    -44.8    -42.4    -42.4    -42.9    -45.1    -42.4    -42.4    -42.3    -45.1    -42.4    -45.1    -45.1    -45.1    -45.1    -45.1    -42.4    -42.3    -45.1    -42.9    -42.4    -42.4    -44.1    -42.3    -42.4    -42.4    -42.4    -42.4    -42.3    -42.4    -42.3    -42.4    -42.2    -42.4    -42.4    -44.1    -44.1    -42.4    -42.4    -42.4    -42.4    -42.4    -42.4    -42.4    -42.4    -42.4   
 -42.4    -42.4    -42.4    -42.4    -42.4    -42.4    -42.8    -42.4    -42.4    -42.4    -42.4    -42.8    -42.4    -42.4    -42.4    -42.8    -42.6    -42.4    -42.8    -42.4    -42.4    -43      -49.5    -42.4    -42.4    -43.6    -43.6    -42.7    -42.4    -43.6    -42.4    -42.4    -42.4    -42.4    -42.4    -45.2    -42.7    -42.4    -42.4    -44.8    -43.6    -42.4    -42.7    -44.8    -44.8    -44.8    -43.8    -42.7    -44.8    -42.7    -44.8    -42.6    -43.9    -43.8    -42.4    -42.4    -43.8    -43.8    -43.8    -43.8    -43.8    -43.8    -43.8    -43.8    -43.8   
 -42.7    -42.7    -42.7    -42.7    -42.7    -42.7    -43.1    -42.7    -42.7    -42.7    -42.7    -43.1    -42.7    -42.7    -42.7    -43.1    -42.9    -42.7    -43.2    -42.7    -42.7    -43.4    -48.5    -42.7    -42.7    -44      -44      -43.1    -42.7    -44      -42.7    -42.7    -42.7    -42.7    -42.7    -45.8    -43.1    -42.7    -42.7    -45.4    -44      -42.7    -43.1    -45.4    -45.4    -45.4    -44.3    -43.1    -45.4    -43.1    -45.4    -43      -44.3    -44.3    -42.7    -42.7    -44.3    -44.3    -44.3    -44.3    -44.3    -44.3    -44.3    -44.3    -44.3   
 -43.4    -43.4    -43.4    -43.4    -43.4    -43.4    -44      -43.4    -43.4    -43.4    -43.3    -44      -43.3    -43.4    -43.3    -44      -43.7    -43.3    -44.1    -43.3    -43.3    -45      -44.2    -43.3    -43.4    -44.2    -44.2    -44      -43.3    -44.2    -43.4    -43.4    -43.3    -43.4    -43.3    -44.2    -44      -43.4    -43.3    -44.2    -44.2    -43.3    -44      -44.2    -44.2    -44.2    -44.2    -44      -44.2    -44      -44.2    -43.9    -44.2    -44.2    -43.3    -43.3    -44.2    -44.2    -44.2    -44.2    -44.2    -44.2    -44.2    -44.2    -44.2   
 -42.4    -42.4    -42.4    -42.4    -42.4    -42.4    -42.8    -42.4    -42.4    -42.4    -42.4    -42.8    -42.4    -42.4    -42.4    -42.8    -42.6    -42.4    -42.8    -42.4    -42.4    -43      -49.5    -42.4    -42.4    -43.6    -43.6    -42.7    -42.4    -43.6    -42.4    -42.4    -42.4    -42.4    -42.4    -45.2    -42.7    -42.4    -42.4    -44.8    -43.6    -42.4    -42.7    -44.8    -44.8    -44.8    -43.8    -42.7    -44.8    -42.7    -44.8    -42.6    -43.9    -43.8    -42.4    -42.4    -43.8    -43.8    -43.8    -43.8    -43.8    -43.8    -43.8    -43.8    -43.8   
 -42.7    -42.7    -42.7    -42.7    -42.7    -42.7    -43.1    -42.7    -42.7    -42.7    -42.7    -43.1    -42.7    -42.7    -42.7    -43.1    -42.9    -42.7    -43.2    -42.7    -42.7    -43.4    -48.5    -42.7    -42.7    -44      -44      -43.1    -42.7    -44      -42.7    -42.7    -42.7    -42.7    -42.7    -45.8    -43.1    -42.7    -42.7    -45.4    -44      -42.7    -43.1    -45.4    -45.4    -45.4    -44.3    -43.1    -45.4    -43.1    -45.4    -43      -44.3    -44.3    -42.7    -42.7    -44.3    -44.3    -44.3    -44.3    -44.3    -44.3    -44.3    -44.3    -44.3   
 -43.4    -43.4    -43.4    -43.4    -43.4    -43.4    -43.9    -43.4    -43.4    -43.4    -43.4    -43.9    -43.4    -43.4    -43.4    -43.9    -43.6    -43.4    -43.9    -43.4    -43.4    -44.2    -46.7    -43.3    -43.4    -44.9    -44.9    -43.8    -43.4    -44.9    -43.4    -43.4    -43.4    -43.4    -43.4    -46.7    -43.8    -43.4    -43.3    -46.7    -44.9    -43.4    -43.8    -46.8    -46.7    -46.8    -45.2    -43.8    -46.8    -43.8    -46.8    -43.7    -45.2    -45.2    -43.4    -43.4    -45.2    -45.2    -45.2    -45.2    -45.2    -45.2    -45.2    -45.2    -45.2   
 -43.1    -43.1    -43.1    -43.1    -43.1    -43.1    -43.5    -43.1    -43.1    -43.1    -43      -43.5    -43.1    -43.1    -43.1    -43.5    -43.3    -43.1    -43.6    -43.1    -43.1    -43.8    -46      -43      -43.1    -44.5    -44.5    -43.5    -43.1    -44.5    -43.1    -43.1    -43.1    -43.1    -43.1    -46      -43.5    -43.1    -43      -46      -44.5    -43      -43.5    -47.6    -46      -47.6    -44.8    -43.5    -47.6    -43.5    -47.6    -43.4    -44.8    -44.8    -43      -43      -44.8    -44.8    -44.8    -44.8    -44.7    -44.7    -44.7    -44.7    -44.7   
 -42.7    -42.7    -42.7    -42.7    -42.7    -42.7    -43.1    -42.7    -42.7    -42.7    -42.7    -43.1    -42.7    -42.7    -42.7    -43.1    -42.9    -42.7    -43.2    -42.7    -42.7    -43.4    -45.4    -42.7    -42.7    -44      -44      -43.1    -42.7    -44      -42.7    -42.7    -42.7    -42.7    -42.7    -45.4    -43.1    -42.7    -42.7    -45.4    -44      -42.7    -43.1    -47.4    -45.4    -47.8    -44.3    -43.1    -47.4    -43.1    -47.8    -43      -44.3    -44.3    -42.7    -42.7    -44.3    -44.3    -44.3    -44.3    -44.3    -44.3    -44.3    -44.3    -44.3   
 -42.9    -42.9    -42.9    -42.9    -42.9    -42.9    -43.3    -42.9    -42.9    -42.9    -42.9    -43.3    -42.9    -42.9    -42.9    -43.3    -43.1    -42.9    -43.4    -42.9    -42.9    -43.6    -45.8    -42.9    -42.9    -44.3    -44.3    -43.3    -42.9    -44.3    -42.9    -42.9    -42.9    -42.9    -42.9    -45.8    -43.3    -42.9    -42.9    -45.8    -44.3    -42.9    -43.3    -47.9    -45.8    -47.9    -44.6    -43.3    -47.9    -43.3    -47.9    -43.2    -44.6    -44.6    -42.9    -42.9    -44.6    -44.6    -44.6    -44.6    -44.6    -44.6    -44.6    -44.6    -44.6   
