# Exported from "Simple Neurite Tracer" version 3.1.6 on 2018-12-24T00:27:09.012
# https://imagej.net/Simple_Neurite_Tracer
#
# All positions and radii in microns
# Voxel separation (x,y,z): 0.05, 0.05, 0.05
#      
1 0 15.772 16.465 23.763 0.1952 -1
2 0 15.861 16.382 23.749 0.26034 1
3 0 15.882 16.287 23.725 0.27602 2
4 0 15.893 16.246 23.674 0.29119 3
5 0 15.882 16.221 23.636 0.27837 4
6 0 15.901 16.149 23.594 0.28965 5
7 0 15.868 16.147 23.544 0.29306 6
8 0 15.847 16.117 23.491 0.27628 7
9 0 15.705 16.182 23.388 0.31322 8
10 0 15.824 16.126 23.29 0.36814 9
11 0 15.802 16.158 23.229 0.34246 10
12 0 15.836 16.14 23.164 0.2616 11
13 0 15.843 16.118 23.124 0.27853 12
14 0 15.834 15.946 22.995 0.29536 13
15 0 15.9 15.95 22.9 0.3185 14
16 0 15.95 16 22.8 0.34164 15
17 0 15.979 15.841 22.774 0.36479 16
18 0 15.859 15.823 22.749 0.29902 17
19 0 15.867 15.739 22.653 0.34996 18
20 0 15.86 15.755 22.489 0.28836 19
21 0 15.851 15.697 22.394 0.30484 20
22 0 15.801 15.706 22.293 0.35 21
23 0 15.8 15.7 22.2 0.35418 22
24 0 15.8 15.7 22.1 0.35836 23
25 0 15.85 15.8 22.05 0.36255 24
26 0 15.9 15.9 22.05 0.36673 25
27 0 15.95 16 22 0.37091 26
28 0 15.968 15.934 21.87 0.37509 27
29 0 16.004 16.019 21.822 0.43315 28
30 0 15.929 16.147 21.699 0.43392 29
31 0 15.868 16.091 21.546 0.45663 30
32 0 15.855 16.173 21.405 0.43803 31
33 0 15.794 16.171 21.365 0.43731 32
34 0 15.789 16.174 21.294 0.45468 33
35 0 15.754 16.163 21.18 0.44083 34
36 0 15.533 16.091 21.078 0.39348 35
37 0 15.665 16.288 21.007 0.47446 36
38 0 15.493 16.216 20.84 0.52746 37
39 0 15.6 16.4 20.8 0.47104 38
40 0 15.472 16.448 20.715 0.41461 39
41 0 15.534 16.602 20.653 0.40525 40
42 0 15.45 16.559 20.421 0.41427 41
43 0 15.382 16.562 20.352 0.43972 42
44 0 15.35 16.6 20.25 0.4298 43
45 0 15.358 16.584 20.149 0.41987 44
46 0 15.396 16.73 20.006 0.44123 45
47 0 15.436 16.718 19.873 0.51984 46
48 0 15.361 16.717 19.727 0.50828 47
49 0 15.376 16.585 19.683 0.48339 48
50 0 15.2 16.45 19.7 0.50767 49
51 0 15.2 16.45 19.6 0.53195 50
52 0 15.215 16.501 19.444 0.55623 51
53 0 15.221 16.436 19.353 0.54505 52
54 0 15.2 16.4 19.25 0.51423 53
55 0 15.2 16.35 19.15 0.48341 54
56 0 15.126 16.325 19.069 0.45259 55
57 0 15.132 16.309 19.045 0.46473 56
58 0 15 16.3 19.05 0.49032 57
59 0 15.05 16.25 18.95 0.51591 58
60 0 14.968 16.159 18.881 0.5415 59
61 0 15.017 16.032 18.85 0.51283 60
62 0 15.023 16.037 18.761 0.48575 61
63 0 15.033 16.036 18.68 0.49582 62
64 0 14.991 16.016 18.621 0.48672 63
65 0 15.005 15.935 18.461 0.4584 64
66 0 15 15.85 18.35 0.44507 65
67 0 14.95 15.8 18.25 0.43173 66
68 0 14.913 15.843 18.145 0.4184 67
69 0 14.9 15.8 18.05 0.39043 68
70 0 14.823 15.881 17.979 0.36247 69
71 0 14.806 15.915 17.903 0.37203 70
72 0 14.769 15.924 17.82 0.36939 71
73 0 14.676 15.983 17.758 0.39067 72
74 0 14.711 16.06 17.699 0.37 73
75 0 14.71 16.102 17.614 0.36541 74
76 0 14.605 16.061 17.537 0.40181 75
77 0 14.659 16.106 17.423 0.35943 76
78 0 14.628 16.169 17.387 0.40354 77
79 0 14.45 16.25 17.35 0.38233 78
80 0 14.566 16.268 17.262 0.36112 79
81 0 14.45 16.3 17.2 0.37407 80
82 0 14.5 16.4 17.15 0.38701 81
83 0 14.452 16.447 17.064 0.39996 82
84 0 14.457 16.487 17.017 0.40657 83
85 0 14.549 16.487 16.985 0.46764 84
86 0 14.55 16.55 16.9 0.45757 85
87 0 14.558 16.726 16.754 0.4475 86
88 0 14.466 16.718 16.699 0.44273 87
89 0 14.455 16.805 16.62 0.41248 88
90 0 14.384 16.829 16.572 0.38079 89
91 0 14.331 16.833 16.505 0.35675 90
92 0 14.23 16.866 16.491 0.35797 91
93 0 14.172 16.9 16.433 0.37148 92
94 0 14.12 16.92 16.347 0.37449 93
95 0 14.072 16.991 16.314 0.38915 94
96 0 14.051 17.047 16.247 0.40214 95
97 0 14.068 17.151 16.178 0.38415 96
98 0 14.014 17.208 16.127 0.41224 97
99 0 13.967 17.217 16.071 0.39441 98
100 0 13.916 17.247 16.03 0.41574 99
101 0 13.812 17.141 16.002 0.37383 100
102 0 13.725 17.174 15.986 0.4373 101
103 0 13.633 17.239 15.919 0.40258 102
104 0 13.596 17.408 15.768 0.36437 103
105 0 13.52 17.393 15.752 0.3663 104
106 0 13.408 17.462 15.653 0.36294 105
107 0 13.307 17.442 15.637 0.4081 106
108 0 13.238 17.433 15.575 0.3652 107
109 0 13.212 17.456 15.511 0.3995 108
110 0 13.081 17.447 15.4 0.4156 109
111 0 13.037 17.479 15.347 0.41865 110
112 0 12.965 17.465 15.323 0.42938 111
113 0 12.909 17.456 15.155 0.45038 112
114 0 12.831 17.511 15.069 0.49161 113
115 0 12.783 17.487 15.061 0.46932 114
116 0 12.767 17.501 14.972 0.47447 115
117 0 12.662 17.467 14.836 0.43578 116
118 0 12.647 17.393 14.778 0.43724 117
119 0 12.595 17.419 14.695 0.44351 118
120 0 12.616 17.362 14.579 0.44518 119
121 0 12.602 17.302 14.474 0.48665 120
122 0 12.573 17.309 14.361 0.4605 121
123 0 12.588 17.276 14.262 0.45969 122
124 0 12.585 17.22 14.224 0.45135 123
125 0 12.579 17.205 14.173 0.43668 124
126 0 12.591 17.095 14.04 0.45024 125
127 0 12.525 17.084 13.927 0.46937 126
128 0 12.494 17.041 13.892 0.46266 127
129 0 12.577 17.043 13.805 0.46749 128
130 0 12.577 17.002 13.733 0.46509 129
131 0 12.431 17.004 13.721 0.44979 130
132 0 12.438 16.963 13.6 0.4575 131
133 0 12.321 16.974 13.52 0.48149 132
134 0 12.311 16.95 13.451 0.45936 133
135 0 12.25 16.8 13.5 0.48267 134
136 0 12.2 16.7 13.4 0.50598 135
137 0 12.1 16.75 13.3 0.52929 136
138 0 12 16.75 13.2 0.55259 137
139 0 11.95 16.7 13.1 0.5759 138
140 0 11.95 16.6 13 0.59921 139
141 0 11.9 16.5 12.9 0.62252 140
142 0 11.9 16.4 12.8 0.64583 141
143 0 11.9 16.35 12.7 0.66913 142
144 0 11.9 16.3 12.6 0.69244 143
145 0 11.9 16.4 12.55 0.71575 144
146 0 11.985 16.545 12.698 0.73906 145
147 0 11.981 16.652 12.739 0.69718 146
148 0 12.026 16.77 12.715 0.68969 147
149 0 12.022 16.904 12.559 0.6049 148
150 0 11.938 16.985 12.433 0.47932 149
151 0 11.948 17.108 12.301 0.42581 150
152 0 12.021 17.158 12.226 0.41804 151
153 0 12.169 17.187 12.062 0.32979 152
154 0 12.203 17.276 12.003 0.35446 153
155 0 12.265 17.287 11.965 0.32531 154
156 0 12.326 17.276 11.926 0.32442 155
157 0 12.369 17.321 11.878 0.29634 156
158 0 12.415 17.396 11.831 0.3153 157
159 0 12.453 17.408 11.78 0.28979 158
160 0 12.501 17.379 11.766 0.29561 159
161 0 12.508 17.378 11.66 0.30144 160
162 0 12.546 17.445 11.552 0.36346 161
163 0 12.65 17.55 11.5 0.36467 162
164 0 12.65 17.65 11.45 0.36588 163
165 0 12.65 17.65 11.35 0.36708 164
166 0 12.65 17.6 11.25 0.36829 165
167 0 12.641 17.523 11.112 0.3695 166
168 0 12.733 17.51 11.119 0.39182 167
169 0 12.763 17.472 11.077 0.37969 168
170 0 12.71 17.435 10.968 0.35806 169
171 0 12.743 17.417 10.884 0.34521 170
172 0 12.806 17.404 10.863 0.37834 171
173 0 12.847 17.359 10.804 0.40889 172
174 0 12.888 17.358 10.725 0.40134 173
175 0 12.878 17.317 10.671 0.39029 174
176 0 12.93 17.314 10.546 0.43007 175
177 0 13.044 17.182 10.49 0.31384 176
178 0 13.108 17.144 10.479 0.32885 177
179 0 13.165 17.133 10.408 0.26227 178
180 0 13.347 17.255 10.452 0.35619 179
181 0 13.41 17.143 10.337 0.31274 180
182 0 13.473 17.12 10.294 0.30704 181
183 0 13.548 17.11 10.267 0.23612 182
184 0 13.58 17.01 10.186 0.3069 183
185 0 13.641 16.98 10.139 0.24578 184
186 0 13.682 16.903 10.166 0.26098 185
187 0 13.778 16.888 10.102 0.27618 186
188 0 13.912 16.856 10.049 0.33556 187
189 0 13.97 16.885 10.033 0.3221 188
190 0 14.004 16.851 9.9708 0.35746 189
191 0 14.041 16.832 9.9143 0.36743 190
192 0 14.15 16.95 10 0.36585 191
193 0 14.25 17.05 9.9 0.36428 192
194 0 14.35 17.05 9.8 0.3627 193
195 0 14.25 16.95 9.7 0.36112 194
196 0 14.2 16.9 9.6 0.35955 195
197 0 14.128 16.818 9.3967 0.35797 196
198 0 14.09 16.808 9.3349 0.33358 197
199 0 14.11 16.827 9.2692 0.36182 198
200 0 14.13 16.842 9.2075 0.35434 199
201 0 14.067 16.679 9.0988 0.27133 200
202 0 14.116 16.545 8.98 0.28279 201
203 0 14.067 16.475 8.9585 0.26724 202
204 0 14.035 16.391 8.9391 0.26164 203
205 0 13.961 16.354 8.9173 0.2837 204
206 0 13.945 16.254 8.8956 0.2756 205
207 0 13.914 16.198 8.8469 0.25771 206
208 0 13.908 16.167 8.7748 0.30472 207
209 0 13.857 16.084 8.7055 0.31371 208
210 0 13.836 16.029 8.6346 0.31812 209
211 0 13.778 15.946 8.4683 0.40769 210
212 0 13.745 15.852 8.3932 0.41844 211
213 0 13.75 15.7 8.8 0.40659 212
214 0 13.7 15.6 8.8 0.39474 213
215 0 13.65 15.5 8.8 0.38289 214
216 0 13.6 15.4 8.8 0.37105 215
217 0 13.55 15.3 8.8 0.3592 216
218 0 13.55 15.2 8.8 0.34735 217
219 0 13.55 15.15 8.75 0.3355 218
220 0 13.41 15.218 8.6184 0.32365 219
221 0 13.5 15.3 8.6 0.331 220
222 0 13.55 15.4 8.55 0.33835 221
223 0 13.65 15.5 8.5 0.3457 222
224 0 13.65 15.6 8.5 0.35304 223
225 0 13.7 15.7 8.5 0.36039 224
226 0 13.7 15.7 8.4 0.36774 225
227 0 13.7 15.65 8.3 0.37509 226
228 0 13.7 15.6 8.2 0.38243 227
229 0 13.686 15.401 8.2002 0.38978 228
230 0 13.741 15.41 8.159 0.33482 229
231 0 13.799 15.406 8.1398 0.31606 230
232 0 13.823 15.365 8.0906 0.31674 231
233 0 13.802 15.309 8.0265 0.34841 232
234 0 13.857 15.225 7.9267 0.27814 233
235 0 13.887 15.118 7.9144 0.27348 234
236 0 13.82 15.085 7.8511 0.26882 235
237 0 13.85 14.999 7.7817 0.26416 236
238 0 13.841 14.958 7.7247 0.27529 237
239 0 13.843 14.84 7.655 0.25727 238
240 0 13.786 14.82 7.5923 0.28165 239
241 0 13.672 14.795 7.52 0.28471 240
242 0 13.697 14.77 7.4508 0.35052 241
243 0 13.649 14.77 7.4126 0.36524 242
244 0 13.583 14.777 7.3542 0.36272 243
245 0 13.574 14.751 7.2183 0.33458 244
246 0 13.581 14.652 7.1988 0.34633 245
247 0 13.601 14.649 7.1007 0.33423 246
248 0 13.628 14.624 7.0476 0.33341 247
249 0 13.676 14.544 6.9679 0.32332 248
250 0 13.474 14.465 6.8567 0.2951 249
251 0 13.506 14.426 6.8265 0.3162 250
252 0 13.517 14.368 6.8012 0.28002 251
253 0 13.501 14.312 6.7691 0.28233 252
254 0 13.555 14.273 6.7205 0.2764 253
255 0 13.557 14.213 6.7126 0.2685 254
256 0 13.563 14.171 6.6583 0.29257 255
257 0 13.589 14.144 6.6657 0.28229 256
258 0 13.689 14.092 6.681 0.26624 257
259 0 13.75 13.95 6.75 0.25906 258
260 0 13.817 13.921 6.6661 0.25188 259
261 0 13.778 13.842 6.6647 0.26213 260
262 0 13.691 13.756 6.4817 0.35559 261
263 0 13.622 13.672 6.4233 0.36234 262
264 0 13.672 13.588 6.3959 0.38975 263
265 0 13.68 13.529 6.341 0.38008 264
266 0 13.765 13.473 6.3476 0.38879 265
267 0 13.888 13.377 6.3124 0.34463 266
268 0 14.028 13.335 6.2572 0.44125 267
269 0 14.15 13.2 6.4 0.47285 268
270 0 14.25 13.1 6.35 0.50445 269
271 0 14.35 13.1 6.35 0.53605 270
272 0 14.45 13.05 6.3 0.56765 271
273 0 14.5 12.95 6.2 0.59925 272
274 0 14.5 12.9 6.1 0.63085 273
275 0 14.512 12.913 5.9358 0.66245 274
276 0 14.552 12.992 5.9118 0.65761 275
277 0 14.615 13.017 5.8331 0.63899 276
278 0 14.6 12.95 5.7 0.61939 277
279 0 14.702 13.043 5.6467 0.5998 278
280 0 14.7 13.05 5.5 0.57452 279
281 0 14.505 13.123 5.4422 0.54924 280
282 0 14.6 13.1 5.3 0.46275 281
283 0 14.458 12.925 5.2118 0.37626 282
284 0 14.343 13.095 5.1675 0.42377 283
285 0 14.6 16.5 16.95 0.47155 85
286 0 14.312 16.819 16.672 0.51932 285
287 0 14.514 16.728 16.685 0.51552 286
288 0 14.596 16.683 16.663 0.50429 287
289 0 14.667 16.698 16.641 0.49422 288
290 0 14.85 16.6 16.7 0.43616 289
291 0 14.808 16.747 16.546 0.3781 290
292 0 15.045 16.728 16.565 0.26398 291
293 0 15.065 16.764 16.525 0.23609 292
294 0 14.979 16.873 16.394 0.22535 293
295 0 15.025 16.903 16.316 0.21527 294
296 0 15.041 16.96 16.26 0.20519 295
297 0 15.157 16.976 16.234 0.17095 296
298 0 15.228 16.958 16.237 0.15366 297
299 0 15.29 17.001 16.222 0.13774 298
300 0 15.342 17.046 16.222 0.12182 299
301 0 15.399 17.054 16.21 0.1059 300
302 0 15.43 17.09 16.236 0.087173 301
303 0 15.598 17.155 16.35 0.090991 302
304 0 15.698 17.207 16.347 0.09481 303
305 0 15.746 17.213 16.352 0.098628 304
306 0 15.8 17.248 16.35 0.10245 305
307 0 15.85 17.252 16.4 0.11816 306
308 0 15.925 17.26 16.401 0.12317 307
309 0 15.971 17.262 16.408 0.12516 308
310 0 16.03 17.247 16.451 0.121 309
311 0 16.059 17.228 16.49 0.12081 310
312 0 16.113 17.215 16.526 0.12062 311
313 0 16.153 17.224 16.557 0.095164 312
314 0 16.205 17.205 16.589 0.098334 313
315 0 16.254 17.205 16.595 0.10313 314
316 0 16.308 17.181 16.6 0.095442 315
317 0 16.356 17.166 16.65 0.10232 316
318 0 16.4 17.151 16.65 0.111 317
319 0 16.504 17.117 16.7 0.10833 318
320 0 16.535 17.083 16.787 0.10088 319
321 0 16.603 17.06 16.8 0.12478 320
322 0 16.662 17.048 16.835 0.12351 321
323 0 16.698 17.042 16.851 0.14691 322
324 0 16.73 17.031 16.912 0.14735 323
325 0 16.782 17.059 16.963 0.14779 324
326 0 16.82 17.039 16.987 0.14822 325
327 0 16.845 17.009 17.024 0.14866 326
328 0 16.882 17.015 17.095 0.1491 327
329 0 16.832 16.969 17.158 0.19942 328
330 0 16.813 16.9 17.2 0.24973 329
331 0 16.794 16.9 17.25 0.34947 330
332 0 16.77 16.85 17.275 0.4492 331
333 0 12 16.8 12.4 0.54894 149
334 0 11.775 16.867 12.634 0.64867 333
335 0 11.766 16.907 12.556 0.61643 334
336 0 11.884 17.093 12.326 0.49574 335
337 0 11.831 17.229 12.196 0.38109 336
338 0 11.74 17.266 12.232 0.27785 337
339 0 11.637 17.23 12.161 0.13517 338
340 0 11.588 17.289 12.175 0.12389 339
341 0 11.55 17.35 12.184 0.12314 340
342 0 11.538 17.397 12.186 0.13921 341
343 0 11.535 17.446 12.192 0.15527 342
344 0 11.531 17.498 12.188 0.17134 343
345 0 11.517 17.55 12.18 0.1874 344
346 0 11.495 17.605 12.156 0.20347 345
347 0 11.487 17.655 12.157 0.2321 346
348 0 11.486 17.7 12.15 0.27108 347
349 0 11.55 17.8 12.25 0.31005 348
350 0 11.55 17.85 12.2 0.37009 349
351 0 11.5 17.8 12.1 0.43014 350
352 0 11.5 17.8 12 0.49019 351
353 0 11.95 16.45 12.5 0.55024 145
354 0 11.931 16.326 12.593 0.61028 353
355 0 11.952 16.285 12.538 0.6137 354
356 0 11.884 16.191 12.485 0.59699 355
357 0 11.879 16.125 12.456 0.6139 356
358 0 11.875 15.91 12.548 0.46375 357
359 0 11.9 15.9 12.3 0.45361 358
360 0 11.793 15.777 12.432 0.44348 359
361 0 11.767 15.734 12.425 0.44475 360
362 0 11.797 15.731 12.055 0.47985 361
363 0 11.724 15.716 11.941 0.54333 362
364 0 11.7 15.5 12.15 0.50518 363
365 0 11.7 15.4 12.15 0.46703 364
366 0 11.791 15.385 11.914 0.42888 365
367 0 11.797 15.326 11.878 0.37838 366
368 0 11.729 15.229 11.911 0.34996 367
369 0 11.65 15.092 11.923 0.34754 368
370 0 11.651 15.047 11.918 0.34191 369
371 0 11.738 14.991 11.862 0.35604 370
372 0 11.746 14.938 11.823 0.34988 371
373 0 11.693 14.888 11.817 0.34555 372
374 0 11.659 14.852 11.794 0.30976 373
375 0 11.682 14.751 11.764 0.31623 374
376 0 11.696 14.709 11.693 0.33908 375
377 0 11.682 14.643 11.697 0.34856 376
378 0 11.664 14.609 11.667 0.33718 377
379 0 11.607 14.557 11.683 0.28998 378
380 0 11.625 14.522 11.644 0.34982 379
381 0 11.567 14.473 11.627 0.34956 380
382 0 11.594 14.421 11.564 0.38187 381
383 0 11.661 14.366 11.52 0.38742 382
384 0 11.637 14.304 11.521 0.38417 383
385 0 11.588 14.23 11.469 0.38505 384
386 0 11.582 14.176 11.448 0.38302 385
387 0 11.602 14.105 11.456 0.37402 386
388 0 11.591 14.055 11.458 0.37946 387
389 0 11.594 13.972 11.411 0.38285 388
390 0 11.554 13.909 11.428 0.3816 389
391 0 11.574 13.828 11.388 0.42724 390
392 0 11.545 13.768 11.377 0.33935 391
393 0 11.579 13.667 11.347 0.39219 392
394 0 11.551 13.553 11.389 0.33835 393
395 0 11.6 13.45 11.4 0.36741 394
396 0 11.555 13.401 11.276 0.39647 395
397 0 11.553 13.32 11.25 0.41828 396
398 0 11.475 13.297 11.231 0.38944 397
399 0 11.4 13.2 11.25 0.37854 398
400 0 11.35 13.1 11.25 0.36764 399
401 0 11.306 13.161 11.132 0.35675 400
402 0 11.347 13.107 11.017 0.36099 401
403 0 11.295 13.056 10.973 0.33225 402
404 0 11.303 12.964 10.907 0.34323 403
405 0 11.261 12.983 10.823 0.32049 404
406 0 11.254 12.925 10.783 0.3369 405
407 0 11.185 12.875 10.735 0.31846 406
408 0 11.236 12.747 10.731 0.29081 407
409 0 11.243 12.7 10.672 0.26315 408
410 0 11.167 12.687 10.553 0.2355 409
411 0 11.142 12.683 10.511 0.23563 410
412 0 11.172 12.621 10.433 0.23577 411
413 0 11.138 12.572 10.42 0.2359 412
414 0 12.027 16.5 12.767 0.71976 353
415 0 13.578 15.15 8.6685 0.26014 218
416 0 13.537 15.1 8.6645 0.2916 415
417 0 13.587 15.036 8.7149 0.2472 416
418 0 13.581 14.987 8.7542 0.24719 417
419 0 13.571 14.935 8.7531 0.25002 418
420 0 13.579 14.884 8.7613 0.24551 419
421 0 13.596 14.827 8.8042 0.24962 420
422 0 13.611 14.78 8.8603 0.23473 421
423 0 13.628 14.726 8.9151 0.24539 422
424 0 13.642 14.666 8.9579 0.2021 423
425 0 13.634 14.639 9.0307 0.13843 424
426 0 14.442 17.027 9.7264 0.33445 194
427 0 14.51 17.054 9.6341 0.31283 426
428 0 14.6 17.171 9.6736 0.3422 427
429 0 14.608 17.147 9.548 0.37411 428
430 0 14.66 17.135 9.4439 0.34303 429
431 0 14.764 17.151 9.4371 0.36233 430
432 0 14.818 17.228 9.3718 0.33984 431
433 0 14.871 17.254 9.3615 0.34528 432
434 0 14.915 17.256 9.3535 0.35693 433
435 0 14.976 17.251 9.3162 0.32909 434
436 0 15.017 17.269 9.3136 0.32265 435
437 0 15.106 17.318 9.2121 0.30354 436
438 0 15.196 17.383 9.1893 0.32795 437
439 0 15.226 17.452 9.103 0.35 438
440 0 15.34 17.411 9.0529 0.35 439
441 0 15.446 17.306 9.1304 0.3123 440
442 0 15.52 17.341 9.0811 0.30277 441
443 0 15.599 17.271 9.0679 0.294 442
444 0 15.71 17.259 8.9919 0.35428 443
445 0 15.761 17.203 8.9743 0.3479 444
446 0 15.837 17.176 8.947 0.31597 445
447 0 15.885 17.118 8.9345 0.31338 446
448 0 15.921 17.044 8.9528 0.29129 447
449 0 15.992 17.003 8.9332 0.27322 448
450 0 16.031 16.995 8.9174 0.27735 449
451 0 16.063 16.927 8.9091 0.26249 450
452 0 16.117 16.882 8.9005 0.27057 451
453 0 16.142 16.801 8.8851 0.28142 452
454 0 16.199 16.753 8.8736 0.26457 453
455 0 16.255 16.662 8.8638 0.29349 454
456 0 16.27 16.604 8.8264 0.32471 455
457 0 16.277 16.55 8.8048 0.31566 456
458 0 16.313 16.505 8.7421 0.36055 457
459 0 16.337 16.424 8.6457 0.44462 458
460 0 16.4 16.3 8.9 0.43569 459
461 0 16.45 16.25 8.85 0.42676 460
462 0 16.45 16.25 8.75 0.41783 461
463 0 16.4 16.3 8.65 0.4089 462
464 0 16.45 16.3 8.55 0.39997 463
465 0 16.45 16.25 8.45 0.39104 464
466 0 16.497 16.253 8.3458 0.38211 465
467 0 16.557 16.238 8.2807 0.36383 466
468 0 16.58 16.131 8.2445 0.35023 467
469 0 16.636 16.119 8.1838 0.34498 468
470 0 16.686 16.194 8.0854 0.40361 469
471 0 16.756 16.008 7.9928 0.33435 470
472 0 16.823 16.014 7.935 0.36813 471
473 0 16.9 16.1 7.85 0.46386 472
474 0 16.938 16.205 7.6892 0.55958 473
475 0 16.983 16.21 7.6277 0.58855 474
476 0 17.079 16.176 7.5298 0.63737 475
477 0 17.211 16.254 7.5069 0.67057 476
478 0 17.3 16.3 7.5 0.67146 477
479 0 17.468 16.385 7.3573 0.67234 478
480 0 17.524 16.438 7.2715 0.66872 479
481 0 17.528 16.49 7.0776 0.55407 480
482 0 17.604 16.403 6.9513 0.49612 481
483 0 17.673 16.386 6.9028 0.4663 482
484 0 17.817 16.313 6.8292 0.39844 483
485 0 17.817 16.295 6.7918 0.41937 484
486 0 17.807 16.235 6.7137 0.37813 485
487 0 17.821 16.252 6.6126 0.36093 486
488 0 17.785 16.17 6.5712 0.41305 487
489 0 17.856 16.052 6.5 0.34997 488
490 0 17.863 15.969 6.4699 0.36043 489
491 0 17.892 15.855 6.4613 0.31281 490
492 0 17.881 15.808 6.4635 0.3344 491
493 0 17.913 15.766 6.4484 0.31658 492
494 0 17.952 15.736 6.4088 0.27483 493
495 0 17.97 15.696 6.3854 0.24609 494
496 0 18.006 15.607 6.3371 0.23064 495
497 0 18.044 15.561 6.3132 0.22797 496
498 0 18.076 15.509 6.3095 0.22496 497
499 0 18.128 15.471 6.2825 0.22195 498
500 0 18.173 15.415 6.2486 0.21124 499
501 0 18.192 15.355 6.2246 0.21114 500
502 0 18.218 15.319 6.2167 0.21628 501
503 0 18.222 15.27 6.2248 0.21419 502
504 0 18.28 15.216 6.1947 0.21617 503
505 0 18.323 15.162 6.1872 0.2187 504
506 0 18.331 15.119 6.1857 0.21622 505
507 0 18.351 15.057 6.1754 0.21095 506
508 0 18.35 15.004 6.1698 0.20159 507
509 0 18.334 14.949 6.1271 0.16231 508
510 0 18.343 14.891 6.129 0.15345 509
511 0 18.362 14.851 6.1087 0.17692 510
512 0 18.37 14.805 6.1076 0.19804 511
513 0 18.398 14.758 6.1271 0.2027 512
514 0 18.419 14.721 6.0625 0.21054 513
515 0 18.453 14.665 6.0625 0.23011 514
516 0 18.495 14.612 6.0122 0.23791 515
517 0 18.531 14.574 5.9754 0.2457 516
518 0 18.56 14.518 5.8952 0.25256 517
519 0 18.558 14.469 5.8666 0.25256 518
520 0 18.575 14.398 5.8379 0.24999 519
521 0 18.579 14.332 5.8499 0.26345 520
522 0 18.611 14.299 5.8077 0.27691 521
523 0 18.629 14.252 5.7894 0.29037 522
524 0 18.668 14.245 5.7664 0.28624 523
525 0 18.666 14.166 5.7275 0.32323 524
526 0 18.645 14.001 5.7415 0.30102 525
527 0 18.701 13.974 5.7232 0.32441 526
528 0 18.799 13.972 5.6805 0.35689 527
529 0 18.857 14.002 5.6198 0.39256 528
530 0 18.888 13.895 5.5933 0.37785 529
531 0 18.823 13.874 5.4556 0.28275 530
532 0 19 13.85 5.45 0.33156 531
533 0 18.963 13.789 5.3111 0.38038 532
534 0 18.969 13.705 5.2942 0.32468 533
535 0 18.944 13.644 5.2593 0.2988 534
536 0 18.937 13.616 5.2309 0.29562 535
537 0 18.907 13.579 5.2113 0.28179 536
538 0 18.915 13.52 5.1618 0.26581 537
539 0 18.973 13.444 5.1679 0.24983 538
540 0 18.986 13.431 5.0775 0.23967 539
541 0 19.003 13.342 5.0591 0.21825 540
542 0 19.041 13.302 4.9937 0.19683 541
543 0 14.337 16.989 9.6749 0.42979 426
544 0 14.279 16.823 9.6928 0.36667 543
545 0 13.7 15.65 8.25 0.45129 227
546 0 13.612 15.544 8.4122 0.53591 545
547 0 13.619 15.675 8.4725 0.52805 546
548 0 13.633 15.83 8.3762 0.43697 547
549 0 13.556 15.857 8.3234 0.34593 548
550 0 13.582 15.948 8.3061 0.34224 549
551 0 13.541 15.978 8.2799 0.28124 550
552 0 13.506 16.026 8.2449 0.25814 551
553 0 13.48 16.069 8.2009 0.23503 552
554 0 13.442 16.092 8.1941 0.21076 553
555 0 13.382 16.137 8.15 0.18018 554
556 0 13.328 16.181 8.0996 0.14959 555
557 0 13.325 16.219 8.0484 0.13199 556
558 0 13.283 16.265 7.9963 0.1252 557
559 0 13.263 16.286 7.9792 0.11841 558
560 0 13.217 16.306 7.9102 0.11162 559
561 0 13.202 16.319 7.8871 0.11276 560
562 0 13.169 16.341 7.8383 0.10971 561
563 0 13.148 16.318 7.7552 0.10666 562
564 0 13.128 16.373 7.7108 0.12419 563
565 0 13.113 16.376 7.6606 0.14171 564
566 0 13.092 16.368 7.6199 0.15924 565
567 0 13.062 16.37 7.596 0.16258 566
568 0 13.011 16.347 7.5431 0.16534 567
569 0 12.956 16.334 7.499 0.16811 568
570 0 12.923 16.31 7.4865 0.17087 569
571 0 12.896 16.326 7.4011 0.17363 570
572 0 12.817 16.322 7.3659 0.19156 571
573 0 12.78 16.306 7.3477 0.18532 572
574 0 12.714 16.283 7.3482 0.19905 573
575 0 12.641 16.252 7.3107 0.17259 574
576 0 12.577 16.212 7.2639 0.14783 575
577 0 12.57 16.167 7.2062 0.15126 576
578 0 12.574 16.1 7.1693 0.15469 577
579 0 12.549 16.046 7.1583 0.17463 578
580 0 12.534 15.975 7.1658 0.21892 579
581 0 12.519 15.921 7.1808 0.22881 580
582 0 12.489 15.864 7.1729 0.22415 581
583 0 12.44 15.846 7.1151 0.21391 582
584 0 12.397 15.825 7.0227 0.20938 583
585 0 12.374 15.801 6.9379 0.20592 584
586 0 12.332 15.736 6.8939 0.17581 585
587 0 12.34 15.719 6.8636 0.18246 586
588 0 12.327 15.711 6.7877 0.17641 587
589 0 12.305 15.691 6.7354 0.16545 588
590 0 12.323 15.628 6.689 0.16156 589
591 0 12.34 15.613 6.6481 0.15767 590
592 0 12.32 15.593 6.6162 0.15378 591
593 0 12.319 15.545 6.5531 0.14989 592
594 0 12.302 15.48 6.5098 0.23281 593
595 0 12.65 17.7 11.4 0.31574 164
596 0 12.743 17.428 10.976 0.48148 595
597 0 12.687 17.489 10.996 0.49518 596
598 0 12.549 17.703 11.193 0.3925 597
599 0 12.507 17.774 11.149 0.36842 598
600 0 12.47 17.838 11.186 0.34773 599
601 0 12.445 17.918 11.169 0.28479 600
602 0 12.428 17.948 11.133 0.30379 601
603 0 12.454 18.031 11.168 0.27458 602
604 0 12.479 18.086 11.169 0.26512 603
605 0 12.466 18.141 11.178 0.25034 604
606 0 12.422 18.217 11.186 0.23555 605
607 0 12.405 18.243 11.158 0.23639 606
608 0 12.45 18.314 11.132 0.23358 607
609 0 12.489 18.394 11.024 0.24108 608
610 0 12.447 18.415 10.931 0.23588 609
611 0 12.365 18.433 10.872 0.22334 610
612 0 12.257 18.457 10.814 0.21473 611
613 0 12.207 18.498 10.788 0.21744 612
614 0 12.149 18.54 10.765 0.2263 613
615 0 12.093 18.577 10.722 0.2275 614
616 0 12.032 18.603 10.728 0.22681 615
617 0 11.985 18.607 10.677 0.22612 616
618 0 11.933 18.613 10.633 0.19184 617
619 0 11.907 18.645 10.565 0.27157 618
620 0 11.842 18.62 10.508 0.35129 619
621 0 14.6 12.8 5.9 0.43102 275
622 0 14.709 12.902 5.7115 0.71205 621
623 0 14.748 12.857 5.6602 0.67223 622
624 0 14.703 12.752 5.645 0.59052 623
625 0 14.641 12.654 5.7041 0.56979 624
626 0 14.733 12.617 5.7843 0.46262 625
627 0 14.737 12.453 5.839 0.2932 626
628 0 14.716 12.406 5.8664 0.29113 627
629 0 14.712 12.35 5.8663 0.26956 628
630 0 14.748 12.314 5.8666 0.26318 629
631 0 14.8 12.2 5.9 0.23825 630
632 0 14.865 12.107 5.8666 0.21332 631
633 0 14.916 12.063 5.8837 0.19276 632
634 0 14.971 12.035 5.9093 0.20648 633
635 0 15.016 12.029 5.9617 0.19618 634
636 0 15.066 12.005 5.9639 0.19896 635
637 0 15.12 12.017 6.0145 0.16063 636
638 0 15.174 11.99 6.0255 0.15855 637
639 0 15.228 11.954 6.0472 0.15062 638
640 0 15.27 11.936 6.05 0.1518 639
641 0 15.315 11.922 6.05 0.15637 640
642 0 15.376 11.893 6.0465 0.16094 641
643 0 15.435 11.87 6.0546 0.13997 642
644 0 11.25 13 10.9 0.2816 404
645 0 11.188 12.993 10.929 0.42324 644
646 0 11.133 12.969 10.9 0.39392 645
647 0 11.05 13 10.8 0.2573 646
648 0 10.898 12.959 10.8 0.12068 647
649 0 10.761 12.915 10.801 0.14727 648
650 0 10.702 12.882 10.756 0.22744 649
651 0 10.664 12.863 10.733 0.3076 650
652 0 11.556 13.4 11.299 0.38777 395
653 0 11.416 13.261 11.168 0.41384 652
654 0 11.445 13.192 11.173 0.44581 653
655 0 11.433 13.017 11.202 0.40152 654
656 0 11.562 12.932 11.255 0.36782 655
657 0 11.706 12.941 11.341 0.24909 656
658 0 11.88 12.965 11.401 0.19985 657
659 0 11.938 12.924 11.4 0.18292 658
660 0 11.977 12.898 11.4 0.18532 659
661 0 12.005 12.865 11.402 0.18772 660
662 0 11.924 12.767 11.35 0.18981 661
663 0 11.925 12.682 11.3 0.1919 662
664 0 12.02 12.667 11.301 0.19399 663
665 0 12.112 12.671 11.303 0.19029 664
666 0 12.135 12.637 11.258 0.17842 665
667 0 12.139 12.539 11.2 0.1509 666
668 0 12.166 12.495 11.145 0.11838 667
669 0 12.165 12.464 11.134 0.11303 668
670 0 12.25 12.35 11.15 0.13252 669
671 0 12.168 12.264 11.047 0.15201 670
672 0 12.221 12.096 10.919 0.15027 671
673 0 12.146 11.974 10.779 0.2495 672
674 0 12.143 11.906 10.741 0.26405 673
675 0 12.099 11.844 10.719 0.26636 674
676 0 12.084 11.826 10.678 0.30171 675
677 0 12.043 11.794 10.617 0.31929 676
678 0 12.076 11.747 10.591 0.30191 677
679 0 12.108 11.672 10.586 0.34996 678
680 0 12.08 11.609 10.543 0.34623 679
681 0 12.112 11.572 10.533 0.29531 680
682 0 12.136 11.517 10.504 0.3205 681
683 0 12.144 11.357 10.432 0.24626 682
684 0 12.156 11.314 10.393 0.22861 683
685 0 12.225 11.265 10.357 0.18969 684
686 0 12.283 11.261 10.324 0.16375 685
687 0 12.355 11.257 10.248 0.13781 686
688 0 12.421 11.281 10.244 0.12562 687
689 0 12.529 11.294 10.244 0.11343 688
690 0 12.561 11.202 10.25 0.10124 689
691 0 12.63 11.157 10.25 0.10843 690
692 0 12.661 11.08 10.25 0.10759 691
693 0 12.66 11.022 10.249 0.10675 692
694 0 12.635 10.959 10.25 0.099556 693
695 0 12.634 10.904 10.255 0.092362 694
696 0 12.637 10.85 10.25 0.098528 695
697 0 12.623 10.809 10.213 0.10469 696
698 0 12.616 10.765 10.197 0.11086 697
699 0 12.617 10.709 10.187 0.11702 698
700 0 12.644 10.661 10.15 0.12319 699
701 0 12.664 10.624 10.15 0.13653 700
702 0 12.666 10.558 10.149 0.14986 701
703 0 12.704 10.502 10.1 0.11683 702
704 0 12.709 10.482 10.057 0.11333 703
705 0 12.758 10.425 10.02 0.1226 704
706 0 12.818 10.368 10 0.13187 705
707 0 12.86 10.326 9.9564 0.14114 706
708 0 12.89 10.287 9.95 0.15041 707
709 0 12.934 10.242 9.9178 0.15968 708
710 0 12.995 10.21 9.9023 0.16895 709
711 0 13.009 10.185 9.9014 0.17752 710
712 0 13.126 10.177 9.9203 0.21503 711
713 0 13.145 10.155 9.8933 0.23143 712
714 0 13.193 10.084 9.8875 0.21947 713
715 0 13.243 10.027 9.8999 0.2264 714
716 0 13.254 9.9782 9.8943 0.22034 715
717 0 13.273 9.9026 9.8852 0.22587 716
718 0 13.294 9.8636 9.8743 0.22059 717
719 0 13.339 9.8124 9.8596 0.21656 718
720 0 13.35 9.7777 9.8423 0.21256 719
721 0 13.339 9.7286 9.794 0.20618 720
722 0 13.358 9.6916 9.8003 0.22772 721
723 0 13.415 9.6323 9.768 0.19856 722
724 0 13.44 9.5649 9.7501 0.19794 723
725 0 13.45 9.5287 9.7343 0.17538 724
726 0 13.477 9.4759 9.7131 0.19087 725
727 0 13.509 9.4398 9.7248 0.18899 726
728 0 13.5 9.3749 9.7187 0.22275 727
729 0 13.587 9.3434 9.7404 0.21578 728
730 0 13.631 9.2905 9.75 0.22718 729
731 0 13.671 9.2442 9.7599 0.23857 730
732 0 13.73 9.2475 9.8092 0.24997 731
733 0 13.723 9.2052 9.8229 0.24974 732
734 0 13.727 9.1272 9.843 0.2974 733
735 0 13.751 9.0608 9.8075 0.32023 734
736 0 13.832 9.014 9.6477 0.47058 735
737 0 13.865 8.9797 9.6625 0.47981 736
738 0 13.95 8.95 9.75 0.49797 737
739 0 14.05 8.85 9.75 0.51613 738
740 0 14.15 8.8 9.75 0.5343 739
741 0 14.25 8.7 9.75 0.55246 740
742 0 14.35 8.6 9.75 0.57063 741
743 0 14.45 8.55 9.75 0.58879 742
744 0 14.5 8.55 9.7 0.60696 743
745 0 14.45 8.55 9.6 0.62512 744
746 0 14.356 8.5509 9.4976 0.64329 745
747 0 14.477 8.5363 9.3166 0.54711 746
748 0 14.535 8.5733 9.2298 0.49102 747
749 0 14.494 8.602 9.176 0.47829 748
750 0 14.487 8.6151 9.1285 0.48018 749
751 0 14.398 8.6601 8.9409 0.44979 750
752 0 14.25 8.6 8.95 0.44322 751
753 0 14.291 8.478 8.7071 0.43666 752
754 0 14.214 8.4029 8.675 0.38044 753
755 0 14 8.5 8.8 0.36152 754
756 0 14.042 8.2619 8.6511 0.3426 755
757 0 13.967 8.2017 8.7122 0.33092 756
758 0 13.7 8.25 8.7 0.36815 757
759 0 13.846 8.0544 8.6253 0.40537 758
760 0 13.65 8.2 8.55 0.36461 759
761 0 13.576 8.0962 8.4619 0.32385 760
762 0 11.9 16.05 12.3 0.45304 359
763 0 11.9 16.1 12.25 0.58224 762
764 0 11.923 16.427 12.382 0.71143 763
765 0 11.872 16.497 12.328 0.65735 764
766 0 11.83 16.541 12.151 0.42371 765
767 0 11.85 16.2 12 0.32468 766
768 0 11.488 16.279 12.031 0.22566 767
769 0 11.893 16.236 11.772 0.27728 768
770 0 11.899 16.177 11.687 0.29193 769
771 0 11.698 15.669 11.908 0.53748 770
772 0 11.659 15.874 11.537 0.33396 771
773 0 11.619 15.902 11.49 0.29196 772
774 0 11.584 15.881 11.438 0.26194 773
775 0 11.592 15.879 11.394 0.23653 774
776 0 11.564 15.964 11.349 0.24191 775
777 0 11.512 15.963 11.3 0.22211 776
778 0 11.475 15.954 11.24 0.22052 777
779 0 11.449 15.978 11.19 0.21999 778
780 0 11.426 15.941 11.143 0.21445 779
781 0 11.407 15.913 11.104 0.2175 780
782 0 11.436 15.885 11.053 0.16771 781
783 0 11.458 15.845 10.995 0.17102 782
784 0 11.449 15.815 10.955 0.15321 783
785 0 11.43 15.788 10.899 0.16525 784
786 0 11.412 15.78 10.83 0.21251 785
787 0 11.418 15.745 10.799 0.22086 786
788 0 11.433 15.729 10.711 0.21892 787
789 0 11.43 15.648 10.706 0.23409 788
790 0 11.399 15.643 10.641 0.221 789
791 0 11.342 15.611 10.584 0.19983 790
792 0 11.248 15.637 10.475 0.23953 791
793 0 11.27 15.588 10.448 0.21656 792
794 0 11.304 15.577 10.388 0.2123 793
795 0 11.372 15.522 10.35 0.17912 794
796 0 11.392 15.535 10.278 0.20978 795
797 0 11.366 15.471 10.131 0.32089 796
798 0 11.5 15.4 10.1 0.37254 797
799 0 11.504 15.369 9.954 0.42418 798
800 0 11.479 15.422 9.8495 0.44849 799
801 0 11.45 15.401 9.8245 0.48329 800
802 0 11.403 15.411 9.7787 0.53456 801
803 0 11.361 15.406 9.7181 0.54854 802
804 0 11.389 15.327 9.669 0.60564 803
805 0 11.343 15.309 9.6432 0.61203 804
806 0 11.25 15.15 9.6 0.58989 805
807 0 11.25 15.15 9.5 0.56776 806
808 0 11.25 15.2 9.45 0.54562 807
809 0 11.25 15.3 9.45 0.52349 808
810 0 11.15 15.4 9.35 0.50135 809
811 0 11.1 15.5 9.3 0.47922 810
812 0 11.037 15.578 9.2051 0.45708 811
813 0 11.017 15.67 9.1838 0.43458 812
814 0 10.912 15.739 9.086 0.32323 813
815 0 10.905 15.709 9.022 0.32167 814
816 0 10.903 15.748 8.9479 0.24442 815
817 0 10.904 15.794 8.902 0.23267 816
818 0 10.86 15.801 8.8629 0.24666 817
819 0 10.844 15.811 8.7548 0.26065 818
820 0 10.807 15.812 8.6989 0.26129 819
821 0 10.727 15.791 8.6814 0.23864 820
822 0 10.692 15.772 8.6206 0.21598 821
823 0 10.614 15.729 8.6592 0.18896 822
824 0 10.556 15.694 8.6258 0.18137 823
825 0 10.559 15.728 8.5 0.17378 824
826 0 10.558 15.807 8.3331 0.29914 825
827 0 10.4 15.815 8.3156 0.33131 826
828 0 10.323 15.819 8.2878 0.29638 827
829 0 10.286 15.902 8.258 0.3437 828
830 0 10.17 15.89 8.2695 0.28728 829
831 0 10.132 15.943 8.2578 0.29873 830
832 0 10.05 16.05 8.3 0.33035 831
833 0 9.9338 16.085 8.2793 0.36197 832
834 0 9.8268 16.126 8.2788 0.36708 833
835 0 9.7307 16.157 8.2921 0.34856 834
836 0 9.6988 16.115 8.2821 0.32836 835
837 0 9.7 15.9 8.2 0.31882 836
838 0 9.5773 15.808 8.2692 0.30927 837
839 0 9.5309 15.713 8.2472 0.29319 838
840 0 9.4782 15.674 8.2423 0.26808 839
841 0 17.875 15.917 6.4708 0.31693 489
842 0 17.947 16.192 6.5534 0.43138 841
843 0 17.983 16.247 6.4384 0.32105 842
844 0 18.096 16.18 6.3474 0.30217 843
845 0 18.096 16.174 6.2868 0.23694 844
846 0 18.129 16.169 6.2201 0.19018 845
847 0 18.175 16.176 6.1934 0.1919 846
848 0 18.254 16.18 6.1936 0.14731 847
849 0 18.302 16.161 6.1481 0.14997 848
850 0 18.346 16.134 6.1253 0.15262 849
851 0 18.402 16.128 6.1158 0.19886 850
852 0 18.464 16.114 6.1248 0.19999 851
853 0 18.49 16.11 6.0704 0.20039 852
854 0 18.535 16.095 6.0193 0.18882 853
855 0 18.576 16.097 6.0144 0.21318 854
856 0 18.636 16.095 5.9725 0.22735 855
857 0 18.684 16.104 5.9734 0.23448 856
858 0 18.727 16.107 5.9138 0.23478 857
859 0 18.774 16.117 5.9157 0.23576 858
860 0 18.828 16.115 5.8599 0.23841 859
861 0 18.906 16.081 5.853 0.24105 860
862 0 18.979 16.089 5.8277 0.24369 861
863 0 19.022 16.111 5.7663 0.24634 862
864 0 19.055 16.133 5.6934 0.2581 863
865 0 19.099 16.16 5.6174 0.2905 864
866 0 19.149 16.124 5.5173 0.3442 865
867 0 19.171 16.032 5.4526 0.33943 866
868 0 19.259 16.065 5.3768 0.35125 867
869 0 19.324 16.017 5.2642 0.38888 868
870 0 19.371 15.917 5.259 0.38645 869
871 0 19.433 15.921 5.1849 0.45122 870
872 0 19.446 15.881 5.1655 0.39998 871
873 0 19.494 15.83 5.1363 0.43988 872
874 0 19.514 15.796 5.0758 0.47148 873
875 0 19.589 15.707 5.0118 0.49371 874
876 0 19.629 15.618 4.9771 0.50737 875
877 0 19.649 15.566 4.9517 0.51317 876
878 0 19.686 15.522 4.9244 0.52812 877
879 0 19.74 15.493 4.8605 0.5067 878
880 0 19.829 15.411 4.8679 0.44195 879
881 0 19.884 15.4 4.7314 0.5083 880
882 0 19.952 15.407 4.6779 0.49081 881
883 0 20.05 15.3 4.65 0.49126 882
884 0 20.116 15.418 4.5139 0.4917 883
885 0 20.15 15.3 4.45 0.51928 884
886 0 20.15 15.3 4.35 0.54685 885
887 0 20.185 15.425 4.2481 0.57443 886
888 0 20.213 15.407 4.2017 0.5388 887
889 0 20.171 15.392 4.0964 0.52515 888
890 0 20.18 15.317 3.9951 0.44805 889
891 0 20.25 15.3 3.9 0.48279 890
892 0 20.3 15.3 3.8 0.51752 891
893 0 20.559 15.246 3.9205 0.55226 892
894 0 20.59 15.164 3.8423 0.56446 893
895 0 20.63 15.129 3.6181 0.42573 894
896 0 20.685 15.097 3.6139 0.35676 895
897 0 20.851 15.167 3.5682 0.38694 896
898 0 20.907 15.092 3.4556 0.39252 897
899 0 21.016 14.973 3.3769 0.39848 898
900 0 21.056 14.905 3.2847 0.42619 899
901 0 20.991 14.851 3.2449 0.45794 900
902 0 20.996 14.801 3.164 0.4648 901
903 0 21 14.65 3.25 0.44573 902
904 0 20.923 14.646 3.0454 0.42665 903
905 0 20.866 14.582 3.0077 0.46143 904
906 0 20.814 14.53 3.0161 0.47716 905
907 0 20.841 14.487 2.9615 0.45171 906
908 0 20.79 14.423 2.9687 0.45543 907
909 0 20.814 14.348 3.0011 0.44305 908
910 0 20.853 14.246 2.9414 0.42304 909
911 0 20.884 14.096 3.132 0.29372 910
912 0 20.936 14.05 3.1259 0.28377 911
913 0 21.012 14.025 3.0524 0.27975 912
914 0 21.035 13.955 3.0709 0.27572 913
915 0 21.113 13.91 3.0494 0.26817 914
916 0 21.153 13.868 2.9747 0.259 915
917 0 21.156 13.828 2.9536 0.26555 916
918 0 21.184 13.763 2.9652 0.2721 917
919 0 21.236 13.696 2.9516 0.27823 918
920 0 21.266 13.639 2.9508 0.30442 919
921 0 21.3 13.591 2.9253 0.32191 920
922 0 21.288 13.549 2.8698 0.32513 921
923 0 21.332 13.483 2.8803 0.3127 922
924 0 21.377 13.467 2.871 0.33523 923
925 0 21.389 13.391 2.8581 0.32883 924
926 0 21.473 13.366 2.8678 0.36019 925
927 0 21.463 13.28 2.8037 0.34997 926
928 0 21.528 13.246 2.7764 0.35011 927
929 0 21.562 13.183 2.7895 0.37222 928
930 0 21.604 13.124 2.7377 0.32375 929
931 0 21.689 13.087 2.746 0.34766 930
932 0 21.743 13.088 2.7536 0.34076 931
933 0 21.913 13.07 2.7128 0.3329 932
934 0 21.996 12.995 2.6127 0.38583 933
935 0 22.196 12.849 2.584 0.37106 934
936 0 22.147 12.768 2.5486 0.32158 935
937 0 22 12.65 2.7 0.32338 936
938 0 22.248 12.605 2.5013 0.32518 937
939 0 22.148 12.516 2.4923 0.32725 938
940 0 22.197 12.386 2.4654 0.3348 939
941 0 22.225 12.343 2.4448 0.33664 940
942 0 22.348 12.25 2.5007 0.35762 941
943 0 22.344 12.197 2.5128 0.362 942
944 0 22.297 12.152 2.4918 0.40184 943
945 0 22.23 12.116 2.4565 0.39076 944
946 0 22.234 11.956 2.491 0.45124 945
947 0 22.182 11.876 2.5144 0.4669 946
948 0 22.157 11.819 2.4863 0.49615 947
949 0 22.102 11.739 2.4278 0.48805 948
950 0 22.1 11.691 2.4231 0.50744 949
951 0 22.099 11.65 2.4015 0.48237 950
952 0 22.045 11.532 2.3002 0.46663 951
953 0 22.063 11.458 2.2909 0.44689 952
954 0 22.059 11.431 2.2241 0.45966 953
955 0 22.048 11.394 2.1993 0.43708 954
956 0 22.048 11.337 2.2023 0.43314 955
957 0 22.024 11.295 2.1422 0.43947 956
958 0 21.962 11.182 2.0156 0.24266 957
959 0 21.964 11.111 1.9893 0.31133 958
960 0 22.028 11.034 1.9775 0.31032 959
961 0 22.033 10.976 1.9328 0.27874 960
962 0 22.037 10.913 1.8868 0.24715 961
963 0 22.04 10.87 1.8318 0.24996 962
964 0 22.065 10.88 1.781 0.25001 963
965 0 16.45 16.25 8.85 0.30934 461
966 0 16.532 16.173 8.7477 0.36866 965
967 0 16.52 16.126 8.8078 0.34902 966
968 0 16.49 16.075 8.897 0.29668 967
969 0 16.462 16.045 8.9892 0.24588 968
970 0 16.451 15.945 9.0397 0.18358 969
971 0 16.47 15.904 9.0664 0.17214 970
972 0 16.491 15.849 9.1 0.1607 971
973 0 16.503 15.808 9.1214 0.14926 972
974 0 16.518 15.768 9.1365 0.14953 973
975 0 16.546 15.71 9.16 0.17497 974
976 0 16.549 15.651 9.1552 0.1873 975
977 0 16.572 15.607 9.1567 0.19105 976
978 0 16.591 15.554 9.1834 0.20829 977
979 0 16.604 15.511 9.189 0.20793 978
980 0 16.623 15.455 9.1934 0.211 979
981 0 16.631 15.408 9.1986 0.21907 980
982 0 16.649 15.345 9.2056 0.22675 981
983 0 16.656 15.291 9.2153 0.20966 982
984 0 16.65 15.238 9.2264 0.2083 983
985 0 16.618 15.193 9.2404 0.21395 984
986 0 16.614 15.142 9.266 0.22425 985
987 0 16.597 15.081 9.2907 0.2302 986
988 0 16.594 15.032 9.3303 0.23155 987
989 0 16.547 14.978 9.3158 0.2329 988
990 0 16.523 14.938 9.3281 0.24926 989
991 0 16.499 14.882 9.3342 0.24437 990
992 0 16.45 14.828 9.3219 0.23725 991
993 0 16.441 14.787 9.3172 0.26067 992
994 0 16.422 14.743 9.3154 0.27286 993
995 0 16.391 14.709 9.3167 0.29655 994
996 0 16.351 14.651 9.356 0.30288 995
997 0 16.327 14.608 9.3251 0.31608 996
998 0 16.285 14.539 9.3109 0.33216 997
999 0 16.2 14.45 9.4 0.35962 998
1000 0 16.1 14.35 9.4 0.38709 999
1001 0 16.05 14.25 9.3 0.41455 1000
1002 0 16.05 14.15 9.2 0.44202 1001
1003 0 16.15 14.1 9.25 0.46948 1002
1004 0 16.336 14.089 9.5371 0.49695 1003
1005 0 16.301 13.998 9.5819 0.49659 1004
1006 0 16.387 13.988 9.6891 0.48924 1005
1007 0 16.434 13.905 9.7087 0.45882 1006
1008 0 16.479 13.678 9.7258 0.54691 1007
1009 0 16.466 13.59 9.7905 0.58192 1008
1010 0 16.491 13.542 9.797 0.61453 1009
1011 0 16.586 13.499 9.7746 0.56709 1010
1012 0 16.663 13.46 9.7478 0.55479 1011
1013 0 16.776 13.323 9.7418 0.59138 1012
1014 0 16.838 13.266 9.7461 0.54473 1013
1015 0 16.905 13.296 9.7655 0.51347 1014
1016 0 17.002 13.313 9.6997 0.44325 1015
1017 0 17.09 13.331 9.5241 0.45821 1016
1018 0 17.071 12.902 9.5533 0.39624 1017
1019 0 17.166 12.868 9.5653 0.43073 1018
1020 0 17.247 12.977 9.5173 0.48213 1019
1021 0 17.296 13.133 9.4055 0.49435 1020
1022 0 17.415 13.248 9.4384 0.39873 1021
1023 0 17.515 13.269 9.4192 0.43058 1022
1024 0 17.63 13.244 9.3905 0.43709 1023
1025 0 17.713 13.239 9.3234 0.48315 1024
1026 0 17.774 13.248 9.3207 0.49441 1025
1027 0 17.9 13.2 9.4 0.51327 1026
1028 0 18.021 13.219 9.2502 0.53214 1027
1029 0 18.071 13.232 9.2618 0.51921 1028
1030 0 18.133 13.247 9.279 0.49734 1029
1031 0 18.177 13.203 9.2869 0.49095 1030
1032 0 18.227 13.202 9.289 0.50549 1031
1033 0 18.284 13.257 9.2845 0.41909 1032
1034 0 18.4 13.242 9.3092 0.45419 1033
1035 0 18.5 13.271 9.236 0.45858 1034
1036 0 18.6 13.15 9.45 0.41576 1035
1037 0 18.7 13.15 9.45 0.37295 1036
1038 0 18.734 13.191 9.1745 0.33013 1037
1039 0 18.895 13.256 9.185 0.38575 1038
1040 0 18.966 13.22 9.1684 0.33976 1039
1041 0 19.063 13.178 9.2385 0.31144 1040
1042 0 19.111 13.218 9.2294 0.34753 1041
1043 0 19.192 13.221 9.2274 0.32646 1042
1044 0 19.225 13.236 9.2668 0.31182 1043
1045 0 19.28 13.235 9.3082 0.2832 1044
1046 0 19.344 13.251 9.3839 0.24597 1045
1047 0 19.402 13.286 9.4406 0.20875 1046
1048 0 19.439 13.355 9.5 0.194 1047
1049 0 19.484 13.412 9.5 0.17924 1048
1050 0 19.501 13.499 9.5 0.16449 1049
1051 0 19.5 13.608 9.4995 0.14974 1050
1052 0 19.508 13.711 9.5165 0.16771 1051
1053 0 19.534 13.761 9.552 0.20549 1052
1054 0 19.647 13.764 9.566 0.23429 1053
1055 0 19.755 13.759 9.5992 0.21443 1054
1056 0 19.816 13.745 9.6614 0.1918 1055
1057 0 15.2 17.3 9.2 0.26511 438
1058 0 15.088 17.38 9.2326 0.33843 1057
1059 0 15.171 17.419 9.2122 0.37941 1058
1060 0 15.177 17.521 9.1693 0.30653 1059
1061 0 15.283 17.523 9.0765 0.33031 1060
1062 0 15.331 17.54 9.045 0.33381 1061
1063 0 15.317 17.661 8.9971 0.28157 1062
1064 0 15.35 17.699 8.947 0.26258 1063
1065 0 15.354 17.743 8.9343 0.25978 1064
1066 0 15.351 17.816 8.9376 0.25698 1065
1067 0 15.355 17.868 8.9282 0.24691 1066
1068 0 15.36 17.917 8.9169 0.24597 1067
1069 0 15.387 17.958 8.9109 0.23805 1068
1070 0 15.374 18.007 8.9011 0.2584 1069
1071 0 15.369 18.053 8.8727 0.27874 1070
1072 0 15.49 18.123 8.7965 0.29909 1071
1073 0 15.536 18.152 8.7534 0.31935 1072
1074 0 15.51 18.22 8.7243 0.32713 1073
1075 0 15.521 18.292 8.7045 0.27526 1074
1076 0 15.476 18.395 8.6914 0.28576 1075
1077 0 15.427 18.444 8.6957 0.29626 1076
1078 0 15.407 18.506 8.6798 0.27023 1077
1079 0 15.307 18.618 8.6414 0.27701 1078
1080 0 15.344 18.674 8.5896 0.29182 1079
1081 0 15.55 18.7 8.55 0.49206 1080
1082 0 15.277 18.846 8.2095 0.69229 1081
1083 0 15.278 18.943 8.1592 0.59255 1082
1084 0 15.253 18.992 8.0961 0.58355 1083
1085 0 15.308 19.084 8.042 0.57648 1084
1086 0 15.438 19.218 8.0046 0.53008 1085
1087 0 15.588 19.317 8.36 0.24663 1086
1088 0 15.615 19.371 8.3605 0.24865 1087
1089 0 15.654 19.411 8.3516 0.24143 1088
1090 0 15.69 19.473 8.3356 0.24499 1089
1091 0 15.708 19.511 8.3786 0.23176 1090
1092 0 15.733 19.561 8.3951 0.22629 1091
1093 0 15.752 19.606 8.4243 0.22081 1092
1094 0 15.753 19.66 8.4391 0.22682 1093
1095 0 15.758 19.699 8.4661 0.22452 1094
1096 0 15.791 19.746 8.4759 0.24425 1095
1097 0 15.796 19.8 8.5118 0.27192 1096
1098 0 15.838 19.851 8.507 0.29391 1097
1099 0 15.84 19.902 8.5179 0.30775 1098
1100 0 15.962 19.968 8.564 0.28159 1099
1101 0 15.944 20.037 8.6066 0.34667 1100
1102 0 15.9 20.15 8.6 0.38498 1101
1103 0 15.73 20.245 8.5795 0.42329 1102
1104 0 15.788 20.312 8.6222 0.44103 1103
1105 0 15.8 20.45 8.65 0.45544 1104
1106 0 15.643 20.486 8.6278 0.46984 1105
1107 0 15.7 20.65 8.65 0.50689 1106
1108 0 15.71 20.742 8.7315 0.54393 1107
1109 0 15.7 20.85 8.8 0.51694 1108
1110 0 15.759 20.924 8.8682 0.48994 1109
1111 0 15.838 20.88 9.014 0.49878 1110
1112 0 15.842 20.974 9.0815 0.48259 1111
1113 0 15.834 21.053 9.1026 0.46846 1112
1114 0 15.881 21.103 9.1287 0.43876 1113
1115 0 15.829 21.351 9.0137 0.32756 1114
1116 0 15.778 21.441 8.9769 0.30002 1115
1117 0 15.737 21.489 8.9628 0.29537 1116
1118 0 15.754 21.545 8.9638 0.30227 1117
1119 0 15.785 21.623 8.9316 0.29593 1118
1120 0 15.768 21.684 8.9677 0.31546 1119
1121 0 15.79 21.738 8.9551 0.30855 1120
1122 0 15.821 21.817 8.9887 0.31902 1121
1123 0 15.805 21.885 8.9932 0.30651 1122
1124 0 15.768 21.921 8.9555 0.33939 1123
1125 0 15.772 21.944 8.8879 0.3724 1124
1126 0 15.768 22.004 8.8681 0.35297 1125
1127 0 15.743 22.108 8.7946 0.34997 1126
1128 0 15.837 22.127 8.7813 0.3159 1127
1129 0 15.837 22.204 8.7758 0.28006 1128
1130 0 15.889 22.235 8.7184 0.28341 1129
1131 0 15.811 22.334 8.6963 0.32762 1130
1132 0 15.847 22.4 8.7093 0.30679 1131
1133 0 15.842 22.434 8.7408 0.28213 1132
1134 0 15.865 22.479 8.7872 0.27224 1133
1135 0 15.877 22.515 8.8033 0.26201 1134
1136 0 15.886 22.549 8.8543 0.25179 1135
1137 0 15.908 22.594 8.8861 0.23721 1136
1138 0 15.915 22.65 8.8876 0.22528 1137
1139 0 15.913 22.7 8.92 0.17866 1138
1140 0 12.1 11.75 10.75 0.25647 676
1141 0 12.006 11.98 10.709 0.33427 1140
1142 0 12.16 11.973 10.779 0.23313 1141
1143 0 12.252 11.947 10.731 0.24625 1142
1144 0 12.306 11.956 10.673 0.24677 1143
1145 0 12.345 11.968 10.616 0.2159 1144
1146 0 12.365 11.996 10.577 0.16323 1145
1147 0 12.418 11.999 10.536 0.15322 1146
1148 0 12.44 11.986 10.499 0.14321 1147
1149 0 12.499 11.985 10.465 0.12435 1148
1150 0 12.55 12.003 10.417 0.12557 1149
1151 0 12.609 12.03 10.38 0.12322 1150
1152 0 12.685 12.037 10.376 0.12086 1151
1153 0 12.73 12.04 10.371 0.11851 1152
1154 0 12.78 12.048 10.35 0.11735 1153
1155 0 12.859 12.067 10.35 0.11275 1154
1156 0 12.959 12.09 10.332 0.11063 1155
1157 0 13 11.9 10.3 0.1085 1156
1158 0 13.087 11.774 10.237 0.10638 1157
1159 0 13.148 11.793 10.25 0.10425 1158
1160 0 13.203 11.816 10.25 0.10213 1159
1161 0 13.24 11.832 10.202 0.10937 1160
1162 0 13.3 11.843 10.179 0.12363 1161
1163 0 11.975 11.75 10.546 0.38102 1140
1164 0 12.25 12.4 11.2 0.2421 670
1165 0 12.25 12.464 11.135 0.10317 1164
1166 0 12.36 12.403 11.136 0.10771 1165
1167 0 12.418 12.383 11.146 0.11091 1166
1168 0 12.463 12.407 11.161 0.1055 1167
1169 0 12.503 12.4 11.194 0.096586 1168
1170 0 12.554 12.474 11.229 0.087671 1169
1171 0 12.597 12.458 11.3 0.092821 1170
1172 0 12.645 12.504 11.352 0.09797 1171
1173 0 12.695 12.506 11.4 0.10312 1172
1174 0 12.749 12.545 11.453 0.10827 1173
1175 0 12.746 12.557 11.499 0.11342 1174
1176 0 12.8 12.61 11.598 0.10862 1175
1177 0 12.85 12.65 11.65 0.10381 1176
1178 0 12.888 12.648 11.691 0.11223 1177
1179 0 12.885 12.657 11.742 0.1115 1178
1180 0 12.862 12.612 11.8 0.11227 1179
1181 0 12.856 12.552 11.85 0.10908 1180
1182 0 12.872 12.54 11.893 0.11185 1181
1183 0 12.903 12.536 11.938 0.1195 1182
1184 0 12.915 12.511 11.999 0.12187 1183
1185 0 12.922 12.5 12.045 0.12424 1184
1186 0 12.937 12.498 12.09 0.12661 1185
1187 0 12.957 12.494 12.135 0.12898 1186
1188 0 12.952 12.467 12.196 0.13135 1187
1189 0 12.952 12.466 12.241 0.13372 1188
1190 0 12.961 12.44 12.284 0.1361 1189
1191 0 12.968 12.421 12.328 0.13847 1190
1192 0 12.927 12.419 12.392 0.14084 1191
1193 0 12.893 12.413 12.453 0.14321 1192
1194 0 12.884 12.403 12.501 0.14558 1193
1195 0 12.899 12.358 12.536 0.14795 1194
1196 0 12.938 12.388 12.6 0.11118 1195
1197 0 12.939 12.366 12.65 0.25593 1196
1198 0 14.25 8.7 9.75 0.40069 741
1199 0 14.25 8.7 9.8 0.54544 1198
1200 0 14.428 8.6557 9.7856 0.6902 1199
1201 0 14.547 8.5616 9.7737 0.63974 1200
1202 0 14.575 8.5824 9.855 0.48224 1201
1203 0 14.45 8.6 10.1 0.55234 1202
1204 0 14.636 8.7219 10.136 0.62245 1203
1205 0 14.5 8.65 10.3 0.58044 1204
1206 0 14.45 8.7 10.4 0.53844 1205
1207 0 14.209 9.0809 10.229 0.49643 1206
1208 0 14.55 8.55 9.75 0.55905 743
1209 0 14.691 8.4896 9.6419 0.62166 1208
1210 0 14.735 8.4731 9.7063 0.55164 1209
1211 0 14.816 8.4772 9.7756 0.5294 1210
1212 0 14.875 8.451 9.8065 0.51475 1211
1213 0 14.95 8.35 9.85 0.47724 1212
1214 0 15.069 8.3936 9.8574 0.43973 1213
1215 0 15.124 8.4207 9.9666 0.39074 1214
1216 0 15.189 8.3981 9.9729 0.35934 1215
1217 0 15.256 8.3625 9.9133 0.26541 1216
1218 0 14.546 8.6687 9.7309 0.70426 1208
1219 0 11.25 15.15 9.45 0.67887 808
1220 0 11.363 15.225 9.5389 0.65348 1219
1221 0 11.38 15.174 9.5353 0.6648 1220
1222 0 11.415 15.104 9.5351 0.62843 1221
1223 0 11.503 14.982 9.5297 0.64575 1222
1224 0 11.606 15.014 9.4609 0.61035 1223
1225 0 11.691 14.932 9.444 0.54924 1224
1226 0 11.75 14.85 9.4 0.50596 1225
1227 0 11.852 14.868 9.4249 0.46267 1226
1228 0 11.953 14.87 9.3597 0.469 1227
1229 0 11.998 14.836 9.355 0.42894 1228
1230 0 12.056 14.823 9.1475 0.32949 1229
1231 0 12.096 14.79 9.1296 0.27666 1230
1232 0 12.259 14.744 9.4994 0.2557 1231
1233 0 12.311 14.699 9.4923 0.23473 1232
1234 0 12.347 14.654 9.3588 0.23889 1233
1235 0 12.411 14.611 9.3732 0.20945 1234
1236 0 12.472 14.579 9.3826 0.17492 1235
1237 0 12.508 14.561 9.3681 0.16597 1236
1238 0 12.545 14.539 9.3542 0.15898 1237
1239 0 12.607 14.518 9.3526 0.15005 1238
1240 0 12.65 14.499 9.344 0.15806 1239
1241 0 12.698 14.494 9.35 0.15916 1240
1242 0 12.756 14.477 9.3195 0.16204 1241
1243 0 12.791 14.44 9.2983 0.19152 1242
1244 0 12.837 14.43 9.2836 0.19146 1243
1245 0 12.907 14.432 9.2946 0.21213 1244
1246 0 12.948 14.438 9.2451 0.22503 1245
1247 0 13 14.44 9.2573 0.22743 1246
1248 0 13.03 14.425 9.2188 0.20933 1247
1249 0 13.07 14.391 9.1749 0.24997 1248
1250 0 13.118 14.406 9.1745 0.24861 1249
1251 0 13.162 14.414 9.1609 0.24998 1250
1252 0 13.221 14.476 9.1578 0.22309 1251
1253 0 13.275 14.461 9.1228 0.20995 1252
1254 0 13.311 14.487 9.1202 0.1687 1253
1255 0 13.368 14.487 9.1063 0.14145 1254
1256 0 13.427 14.495 9.1028 0.10696 1255
1257 0 20.95 14.45 3.15 0.33331 903
1258 0 20.839 14.74 3.1576 0.55966 1257
1259 0 20.746 14.727 3.1051 0.58564 1258
1260 0 20.705 14.698 3.0221 0.4979 1259
1261 0 20.686 14.67 2.9594 0.46133 1260
1262 0 20.8 14.6 2.8 0.36642 1261
1263 0 20.605 14.369 2.7421 0.27151 1262
1264 0 20.662 14.339 2.6527 0.24878 1263
1265 0 20.947 14.718 3.291 0.5966 1257
1266 0 16.177 14.146 9.3667 0.50023 1001
1267 0 16.075 13.936 9.4075 0.60905 1266
1268 0 16.016 13.918 9.4331 0.46863 1267
1269 0 15.892 14.015 9.3411 0.45019 1268
1270 0 15.826 14.016 9.305 0.45324 1269
1271 0 15.706 14.005 9.2844 0.3676 1270
1272 0 15.606 14.003 9.2989 0.31316 1271
1273 0 15.559 14.013 9.3212 0.25997 1272
1274 0 15.514 14.015 9.3073 0.24449 1273
1275 0 15.471 14.023 9.3066 0.23954 1274
1276 0 15.425 14.024 9.3175 0.20563 1275
1277 0 15.358 14.005 9.3193 0.21338 1276
1278 0 15.279 14.007 9.2654 0.20885 1277
1279 0 15.206 13.993 9.21 0.21568 1278
1280 0 15.204 13.916 9.1101 0.28558 1279
1281 0 15.15 13.8 9.1 0.35548 1280
1282 0 15.171 13.835 8.9427 0.42539 1281
1283 0 16.65 13.55 9.55 0.49529 1012
1284 0 16.523 13.746 9.6731 0.74058 1283
1285 0 16.6 13.5 9.75 0.68818 1284
1286 0 16.329 13.61 9.7922 0.63578 1285
1287 0 16.4 13.4 9.95 0.56995 1286
1288 0 16.3 13.4 10.05 0.50412 1287
1289 0 16.2 13.45 10.1 0.43829 1288
1290 0 16.1 13.5 10.15 0.37247 1289
1291 0 15.938 13.566 10.212 0.30664 1290
1292 0 16.01 13.594 10.317 0.28803 1291
1293 0 15.936 13.604 10.377 0.26943 1292
1294 0 15.899 13.677 10.421 0.25082 1293
1295 0 15.844 13.709 10.427 0.23684 1294
1296 0 15.75 13.75 10.4 0.27891 1295
1297 0 15.65 13.75 10.4 0.32097 1296
1298 0 15.553 13.719 10.437 0.36304 1297
1299 0 15.444 13.709 10.481 0.31751 1298
1300 0 15.442 13.785 10.545 0.26946 1299
1301 0 15.577 13.806 10.608 0.28413 1300
1302 0 15.624 13.81 10.701 0.25973 1301
1303 0 15.592 13.819 10.748 0.26161 1302
1304 0 15.617 13.823 10.796 0.25156 1303
1305 0 15.599 13.842 10.845 0.24151 1304
1306 0 15.617 13.838 10.897 0.23146 1305
1307 0 15.625 13.85 10.947 0.2173 1306
1308 0 15.611 13.838 10.997 0.23225 1307
1309 0 15.548 13.847 11.051 0.22699 1308
1310 0 15.512 13.87 11.095 0.22838 1309
1311 0 15.521 13.896 11.142 0.23969 1310
1312 0 15.518 13.932 11.198 0.23972 1311
1313 0 15.53 13.946 11.251 0.24916 1312
1314 0 15.579 13.955 11.339 0.25752 1313
1315 0 15.584 13.97 11.385 0.24418 1314
1316 0 15.552 13.913 11.44 0.23084 1315
1317 0 15.527 13.905 11.5 0.2175 1316
1318 0 15.482 13.923 11.535 0.17162 1317
1319 0 16.296 13.957 9.3821 0.57203 1283
1320 0 17.261 12.913 9.5229 0.37256 1016
1321 0 17.101 12.855 9.5565 0.36902 1320
1322 0 17.058 12.809 9.574 0.33303 1321
1323 0 17.094 12.666 9.5779 0.3495 1322
1324 0 17.131 12.613 9.5735 0.34997 1323
1325 0 17.258 12.538 9.6047 0.29138 1324
1326 0 17.261 12.478 9.5795 0.29377 1325
1327 0 17.369 12.96 9.3841 0.43238 1320
1328 0 17.484 12.966 9.4541 0.42636 1327
1329 0 17.551 13.016 9.4877 0.43938 1328
1330 0 15.6 18.802 8.181 0.61143 1081
1331 0 15.5 18.932 8.1363 0.56835 1330
1332 0 15.45 18.935 8.113 0.5882 1331
1333 0 15.4 18.952 8.0655 0.56009 1332
1334 0 15.35 18.964 8.051 0.53139 1333
1335 0 15.3 18.938 8.0245 0.49825 1334
1336 0 15.25 18.888 8.0772 0.52571 1335
1337 0 15.1 18.976 8.1018 0.5337 1336
1338 0 15.05 19.006 8.0353 0.53222 1337
1339 0 14.95 18.9 8.55 0.50375 1338
1340 0 14.926 19.025 8.0446 0.47528 1339
1341 0 14.88 19.04 8.0307 0.45985 1340
1342 0 14.836 19.045 8.0079 0.44003 1341
1343 0 14.78 18.999 7.9818 0.44558 1342
1344 0 14.658 18.938 7.9841 0.35196 1343
1345 0 14.505 18.937 8.4136 0.20756 1344
1346 0 14.45 18.915 8.4353 0.16912 1345
1347 0 14.395 18.925 8.4607 0.17133 1346
1348 0 14.349 18.908 8.4927 0.15374 1347
1349 0 14.3 18.911 8.5001 0.15596 1348
1350 0 14.25 18.907 8.4967 0.15534 1349
1351 0 14.2 18.889 8.4979 0.14872 1350
1352 0 14.15 18.889 8.4833 0.14947 1351
1353 0 14.1 18.892 8.4779 0.15021 1352
1354 0 14.056 18.88 8.4685 0.15096 1353
1355 0 14.011 18.867 8.4423 0.1517 1354
1356 0 13.963 18.867 8.431 0.1532 1355
1357 0 13.913 18.865 8.4275 0.15845 1356
1358 0 13.852 18.846 8.4354 0.17337 1357
1359 0 13.807 18.831 8.414 0.19606 1358
1360 0 13.756 18.81 8.441 0.20384 1359
1361 0 13.706 18.8 8.4501 0.2242 1360
1362 0 13.65 18.794 8.4601 0.23065 1361
1363 0 13.6 18.793 8.5001 0.24748 1362
1364 0 13.55 18.79 8.5086 0.26719 1363
1365 0 13.502 18.798 8.5177 0.28637 1364
1366 0 13.449 18.801 8.537 0.29258 1365
1367 0 13.405 18.834 8.5258 0.29433 1366
1368 0 13.35 18.817 8.5185 0.28973 1367
1369 0 13.295 18.882 8.4964 0.28772 1368
1370 0 13.17 18.874 8.4881 0.35834 1369
1371 0 13.09 18.912 8.4512 0.3485 1370
1372 0 13.044 18.9 8.4627 0.38704 1371
1373 0 12.95 19 8.5 0.42755 1372
1374 0 12.85 19 8.5 0.46807 1373
1375 0 12.758 18.981 8.4199 0.50858 1374
1376 0 12.676 18.87 8.3602 0.32985 1375
1377 0 12.634 18.737 8.447 0.42915 1376
1378 0 12.558 18.605 8.4322 0.4192 1377
1379 0 12.507 18.556 8.45 0.42156 1378
1380 0 12.507 18.507 8.441 0.40913 1379
1381 0 12.437 18.468 8.4506 0.40018 1380
1382 0 12.316 18.393 8.5032 0.3768 1381
1383 0 12.12 18.237 8.5258 0.36789 1382
1384 0 12.108 18.18 8.5819 0.37223 1383
1385 0 12.038 18.127 8.601 0.40532 1384
1386 0 11.879 18.176 8.6321 0.37243 1385
1387 0 11.822 18.165 8.7266 0.35393 1386
1388 0 11.846 18.023 8.7817 0.34373 1387
1389 0 11.81 17.986 8.7993 0.30173 1388
1390 0 11.779 17.922 8.8623 0.29103 1389
1391 0 11.803 17.892 8.8954 0.26902 1390
1392 0 11.799 17.831 8.9949 0.23064 1391
1393 0 11.778 17.779 9.0286 0.21034 1392
1394 0 11.779 17.729 9.0556 0.14971 1393
1395 0 15.6 18.9 8.5 0.3188 1081
1396 0 15.54 18.767 8.407 0.48788 1395
1397 0 15.481 18.833 8.3642 0.47871 1396
1398 0 15.4 18.903 8.1686 0.46333 1397
1399 0 15.314 18.904 8.1428 0.53051 1398
1400 0 15.3 18.85 8.05 0.54282 1399
1401 0 15.3 18.9 7.95 0.55514 1400
1402 0 15.206 18.857 7.8 0.56746 1401
1403 0 15.248 18.857 7.7 0.60141 1402
1404 0 15.253 18.859 7.65 0.58087 1403
1405 0 15.3 18.9 7.55 0.53334 1404
1406 0 15.198 18.961 7.3991 0.48581 1405
1407 0 15.164 18.949 7.3511 0.53271 1406
1408 0 15.118 18.904 7.2206 0.50612 1407
1409 0 15.134 18.808 7.1 0.44118 1408
1410 0 15.15 18.85 7 0.42479 1409
1411 0 15.2 18.85 6.9 0.40841 1410
1412 0 15.349 18.774 6.8563 0.39202 1411
1413 0 15.543 18.863 6.6415 0.38436 1412
1414 0 15.495 18.73 6.5346 0.34997 1413
1415 0 15.515 18.688 6.4601 0.35177 1414
1416 0 15.709 18.559 6.3718 0.36127 1415
1417 0 15.717 18.447 6.3437 0.3467 1416
1418 0 15.788 18.428 6.3291 0.40829 1417
1419 0 15.854 18.348 6.3051 0.4112 1418
1420 0 16.02 18.459 6.1903 0.21754 1419
1421 0 15.867 18.836 8.4609 0.45097 1395
1422 0 15.891 21.687 9.1001 0.35271 1116
1423 0 15.788 20.969 8.8878 0.52679 1422
1424 0 15.853 20.919 9.0984 0.50742 1423
1425 0 15.994 20.893 9.2068 0.52909 1424
1426 0 16.05 21.35 9.4 0.45936 1425
1427 0 15.918 20.93 9.4472 0.38964 1426
1428 0 15.938 20.983 9.4971 0.35574 1427
1429 0 15.918 20.981 9.5361 0.32243 1428
1430 0 15.92 21.006 9.5764 0.27632 1429
1431 0 12.05 11.7 10.75 0.32902 1140
1432 0 12.16 11.776 10.613 0.38173 1431
1433 0 12.092 11.819 10.635 0.3569 1432
1434 0 11.944 11.89 10.706 0.24865 1433
1435 0 11.86 11.909 10.706 0.21783 1434
1436 0 11.812 11.959 10.699 0.19479 1435
1437 0 11.775 11.98 10.644 0.15967 1436
1438 0 11.76 12.06 10.648 0.16429 1437
1439 0 11.7 12.15 10.65 0.19286 1438
1440 0 11.6 12.15 10.6 0.22143 1439
1441 0 11.537 11.942 10.49 0.22653 1440
1442 0 11.394 12.016 10.391 0.23164 1441
1443 0 11.37 12.077 10.378 0.17064 1442
1444 0 11.389 12.096 10.3 0.16109 1443
1445 0 11.381 12.175 10.234 0.22088 1444
1446 0 11.408 12.25 10.139 0.30135 1445
1447 0 11.45 12.268 10.103 0.28694 1446
1448 0 11.482 12.218 10.037 0.26147 1447
1449 0 11.53 12.204 9.9432 0.26558 1448
1450 0 11.526 12.179 9.8852 0.32443 1449
1451 0 11.553 12.168 9.8474 0.29342 1450
1452 0 11.558 12.144 9.8059 0.29414 1451
1453 0 11.56 12.143 9.7509 0.29367 1452
1454 0 11.571 12.15 9.5973 0.31226 1453
1455 0 11.591 12.152 9.4889 0.3478 1454
1456 0 11.583 12.165 9.3867 0.33845 1455
1457 0 11.527 12.178 9.3418 0.36593 1456
1458 0 11.509 12.19 9.2975 0.40634 1457
1459 0 11.594 12.2 9.1931 0.41377 1458
1460 0 11.539 12.265 9.093 0.40603 1459
1461 0 11.6 12.25 9 0.42744 1460
1462 0 11.603 12.206 8.8944 0.44884 1461
1463 0 11.627 12.18 8.7508 0.46949 1462
1464 0 11.622 12.239 8.7168 0.48963 1463
1465 0 11.5 12.35 8.65 0.50519 1464
1466 0 11.519 12.215 8.4769 0.52074 1465
1467 0 11.6 12.4 8.4 0.52065 1466
1468 0 11.55 12.4 8.3 0.52056 1467
1469 0 11.6 12.45 8.2 0.52047 1468
1470 0 11.633 12.419 8.0634 0.52038 1469
1471 0 11.55 12.4 8 0.52064 1470
1472 0 11.591 12.321 7.8644 0.52089 1471
1473 0 11.582 12.324 7.7685 0.51378 1472
1474 0 11.555 12.279 7.7129 0.50531 1473
1475 0 11.485 12.201 7.6315 0.54414 1474
1476 0 11.521 12.09 7.6148 0.54999 1475
1477 0 11.454 12.027 7.5885 0.54478 1476
1478 0 11.326 12.063 7.4774 0.55359 1477
1479 0 11.305 11.998 7.4555 0.57101 1478
1480 0 11.231 12.013 7.3362 0.55491 1479
1481 0 11.2 11.894 7.1722 0.5817 1480
1482 0 11.1 11.8 7.15 0.63842 1481
1483 0 11 11.7 7.05 0.69515 1482
1484 0 10.955 11.564 6.9454 0.75188 1483
1485 0 10.95 11.55 6.9 0.65984 1484
1486 0 11.05 11.65 6.8 0.5678 1485
1487 0 11.094 11.887 6.6539 0.47577 1486
1488 0 11.15 11.75 6.55 0.43986 1487
1489 0 11.05 11.65 6.45 0.40395 1488
1490 0 11.008 11.674 6.3143 0.36805 1489
1491 0 10.967 11.634 6.2257 0.3517 1490
1492 0 11.001 11.589 6.1723 0.34983 1491
1493 0 11.024 11.568 6.0824 0.33829 1492
1494 0 11.033 11.523 6.0146 0.35822 1493
1495 0 11.032 11.536 5.9187 0.35085 1494
1496 0 11.026 11.463 5.8187 0.37041 1495
1497 0 10.968 11.414 5.7263 0.34007 1496
1498 0 10.984 11.378 5.6971 0.29997 1497
1499 0 11.035 11.373 5.6405 0.34625 1498
1500 0 11.069 11.293 5.5197 0.32425 1499
1501 0 11 11 5.55 0.35143 1500
1502 0 11 11 5.45 0.37861 1501
1503 0 11 11.093 5.3055 0.4058 1502
1504 0 11.025 11.081 5.2663 0.41764 1503
1505 0 11.106 11.023 5.2317 0.39064 1504
1506 0 11.1 11.005 5.15 0.34997 1505
1507 0 11.131 11.056 5.0858 0.38097 1506
1508 0 11.168 11.036 5.0257 0.38436 1507
1509 0 11.215 11.035 4.9803 0.38087 1508
1510 0 11.175 11.026 4.8561 0.42131 1509
1511 0 11.162 10.946 4.7395 0.37378 1510
1512 0 11.182 10.946 4.6921 0.42486 1511
1513 0 11.253 11.063 4.5951 0.39569 1512
1514 0 11.35 11 4.5 0.39295 1513
1515 0 11.35 11.05 4.45 0.39021 1514
1516 0 11.35 11.15 4.4 0.38747 1515
1517 0 11.239 11.161 4.296 0.38472 1516
1518 0 11.18 11.21 4.25 0.34997 1517
1519 0 11.092 11.25 4.2102 0.32861 1518
1520 0 11.14 11.331 4.1388 0.27503 1519
1521 0 11.137 11.421 4.0326 0.34945 1520
1522 0 11.08 11.522 3.9187 0.34685 1521
1523 0 11.097 11.537 3.8419 0.33733 1522
1524 0 11.096 11.513 3.7606 0.44996 1523
1525 0 11.232 11.566 3.5784 0.61133 1524
1526 0 11.03 11.799 3.518 0.5383 1525
1527 0 11.021 11.843 3.4313 0.59852 1526
1528 0 10.928 11.833 3.4199 0.59381 1527
1529 0 10.807 11.831 3.3883 0.59812 1528
1530 0 10.693 11.888 3.424 0.56037 1529
1531 0 10.617 11.914 3.4009 0.53192 1530
1532 0 10.599 12.005 3.4436 0.50068 1531
1533 0 10.541 12.132 3.4668 0.45949 1532
1534 0 10.564 12.223 3.4854 0.4426 1533
1535 0 10.513 12.252 3.4826 0.4057 1534
1536 0 10.498 12.299 3.5015 0.42626 1535
1537 0 10.3 12.3 3.45 0.42938 1536
1538 0 10.337 12.467 3.5479 0.43249 1537
1539 0 10.207 12.487 3.4422 0.50211 1538
1540 0 10.199 12.533 3.4183 0.51959 1539
1541 0 10.183 12.579 3.4022 0.50175 1540
1542 0 10.159 12.635 3.3682 0.50973 1541
1543 0 10.104 12.678 3.3733 0.51333 1542
1544 0 10.145 12.735 3.3889 0.45539 1543
1545 0 10.132 12.783 3.3796 0.4399 1544
1546 0 10.181 12.9 3.4324 0.38237 1545
1547 0 10.275 13.05 3.3611 0.3221 1546
1548 0 10.265 13.1 3.3664 0.26183 1547
1549 0 10.223 13.15 3.3768 0.24695 1548
1550 0 10.225 13.194 3.3518 0.2526 1549
1551 0 10.216 13.243 3.3439 0.25824 1550
1552 0 10.191 13.298 3.3278 0.27589 1551
1553 0 10.209 13.338 3.3063 0.29813 1552
1554 0 10.162 13.393 3.2764 0.31673 1553
1555 0 10.205 13.431 3.2529 0.35 1554
1556 0 10.151 13.538 3.2266 0.36639 1555
1557 0 10.146 13.612 3.2389 0.32013 1556
1558 0 10.209 13.663 3.2245 0.36971 1557
1559 0 10.302 13.744 3.2538 0.39976 1558
1560 0 10.39 13.778 3.2542 0.38645 1559
1561 0 10.422 13.823 3.2631 0.36564 1560
1562 0 10.489 13.919 3.2823 0.34629 1561
1563 0 10.517 13.995 3.3786 0.37069 1562
1564 0 10.433 14.157 3.3438 0.40402 1563
1565 0 10.408 14.237 3.3474 0.43486 1564
1566 0 10.41 14.303 3.3896 0.37177 1565
1567 0 10.469 14.394 3.4354 0.36959 1566
1568 0 10.574 14.449 3.4856 0.34901 1567
1569 0 10.541 14.527 3.5172 0.37019 1568
1570 0 10.565 14.542 3.583 0.32994 1569
1571 0 10.583 14.628 3.6531 0.38914 1570
1572 0 10.535 14.806 3.6467 0.34898 1571
1573 0 10.531 14.859 3.6748 0.33723 1572
1574 0 10.477 14.954 3.7488 0.35889 1573
1575 0 10.477 14.992 3.7966 0.35951 1574
1576 0 10.478 15.058 3.8594 0.368 1575
1577 0 10.467 15.192 3.857 0.33643 1576
1578 0 10.44 15.285 3.7425 0.30718 1577
1579 0 10.448 15.385 3.7179 0.30271 1578
1580 0 10.427 15.461 3.6935 0.31687 1579
1581 0 10.427 15.503 3.6988 0.3174 1580
1582 0 10.424 15.595 3.7216 0.28472 1581
1583 0 10.405 15.666 3.7057 0.27165 1582
1584 0 10.414 15.721 3.7121 0.27759 1583
1585 0 10.351 15.764 3.7033 0.30037 1584
1586 0 10.327 15.841 3.6817 0.30017 1585
1587 0 10.334 15.959 3.6485 0.31407 1586
1588 0 10.282 16.055 3.6759 0.3642 1587
1589 0 10.303 16.115 3.693 0.34428 1588
1590 0 10.303 16.161 3.6833 0.28351 1589
1591 0 10.279 16.198 3.716 0.3158 1590
1592 0 10.27 16.293 3.7682 0.32497 1591
1593 0 10.338 16.427 3.761 0.38018 1592
1594 0 10.267 16.521 3.7897 0.42528 1593
1595 0 10.227 16.554 3.8085 0.45406 1594
1596 0 10.306 16.686 3.7839 0.47109 1595
1597 0 10.339 16.758 3.7612 0.46738 1596
1598 0 10.15 16.8 3.9 0.50934 1597
1599 0 10.349 16.95 3.8196 0.5513 1598
1600 0 10.284 17.017 3.8573 0.60463 1599
1601 0 10.074 17.099 3.8289 0.63914 1600
1602 0 10.067 17.149 3.8275 0.6457 1601
1603 0 10.099 17.26 3.8653 0.6633 1602
1604 0 10.1 17.35 3.95 0.64387 1603
1605 0 10.1 17.45 3.95 0.62445 1604
1606 0 10.2 17.5 4 0.60502 1605
1607 0 10.3 17.6 4 0.58559 1606
1608 0 10.4 17.7 4 0.56616 1607
1609 0 10.4 17.75 4.05 0.54674 1608
1610 0 10.4 17.75 4.15 0.52731 1609
1611 0 10.284 17.762 4.2899 0.50788 1610
1612 0 10.379 17.83 4.4173 0.44903 1611
1613 0 10.344 17.878 4.4694 0.34114 1612
1614 0 10.233 17.956 4.4869 0.36099 1613
1615 0 10.254 17.984 4.5623 0.30656 1614
1616 0 10.286 18.022 4.5824 0.31256 1615
1617 0 10.347 18.06 4.6439 0.27554 1616
1618 0 10.329 18.129 4.6891 0.26413 1617
1619 0 10.352 18.176 4.7296 0.23035 1618
1620 0 10.415 18.193 4.7972 0.23268 1619
1621 0 10.462 18.222 4.8246 0.22707 1620
1622 0 10.489 18.303 4.8635 0.22225 1621
1623 0 10.527 18.346 4.8922 0.18694 1622
1624 0 10.575 18.424 4.9253 0.146 1623
1625 0 10.1 17.35 3.95 0.4137 1604
1626 0 10.096 17.255 3.9675 0.68139 1625
1627 0 10.107 17.431 3.6655 0.29206 1626
1628 0 10.048 17.438 3.6643 0.29762 1627
1629 0 9.8386 17.299 3.9457 0.6327 1628
1630 0 9.757 17.297 3.8986 0.60922 1629
1631 0 9.6536 17.301 3.8699 0.56663 1630
1632 0 9.5483 17.287 3.8772 0.49944 1631
1633 0 9.4621 17.259 3.7945 0.43773 1632
1634 0 9.4062 17.289 3.8001 0.40567 1633
1635 0 9.355 17.341 3.851 0.43745 1634
1636 0 9.2653 17.361 3.8653 0.39767 1635
1637 0 9.2085 17.334 3.8454 0.35596 1636
1638 0 9.1527 17.361 3.8699 0.32263 1637
1639 0 9.0926 17.357 3.8771 0.23364 1638
1640 0 8.9386 17.38 3.7584 0.20574 1639
1641 0 8.8565 17.383 3.8 0.21426 1640
1642 0 8.7562 17.334 3.7546 0.24998 1641
1643 0 8.7011 17.297 3.7845 0.24963 1642
1644 0 8.6513 17.246 3.7304 0.2479 1643
1645 0 8.6063 17.235 3.704 0.24993 1644
1646 0 8.565 17.205 3.6988 0.26137 1645
1647 0 8.5094 17.203 3.6954 0.23413 1646
1648 0 8.45 17.202 3.7234 0.20213 1647
1649 0 10.45 14.2 3.4 0.34676 1564
1650 0 10.378 14.029 3.2574 0.4914 1649
1651 0 10.2 13.958 3.2259 0.41182 1650
1652 0 9.96 13.988 3.316 0.24411 1651
1653 0 9.96 14.137 3.3654 0.19163 1652
1654 0 9.8481 14.248 3.3993 0.13553 1653
1655 0 9.8504 14.308 3.4272 0.12219 1654
1656 0 9.8035 14.354 3.5 0.117 1655
1657 0 9.7582 14.409 3.5005 0.14985 1656
1658 0 9.7111 14.463 3.5 0.14999 1657
1659 0 9.6647 14.512 3.5205 0.14443 1658
1660 0 9.5985 14.548 3.5619 0.13886 1659
1661 0 9.5456 14.604 3.5572 0.16761 1660
1662 0 9.5136 14.65 3.4596 0.18366 1661
1663 0 9.483 14.686 3.4056 0.18788 1662
1664 0 9.4691 14.762 3.3904 0.19484 1663
1665 0 9.4455 14.77 3.3758 0.19553 1664
1666 0 9.4118 14.816 3.3193 0.20737 1665
1667 0 9.3653 14.742 3.2028 0.17545 1666
1668 0 10.3 12.59 3.4287 0.47491 1540
1669 0 10.25 12.55 3.45 0.48472 1668
1670 0 10.101 12.488 3.5038 0.49452 1669
1671 0 9.947 12.574 3.4004 0.38755 1670
1672 0 9.8496 12.394 3.3576 0.35338 1671
1673 0 9.7398 12.341 3.3053 0.34561 1672
1674 0 9.6737 12.302 3.284 0.33956 1673
1675 0 9.5436 12.272 3.2554 0.27922 1674
1676 0 9.5153 12.251 3.2304 0.247 1675
1677 0 9.3961 12.212 3.2053 0.24293 1676
1678 0 9.3224 12.182 3.1732 0.23886 1677
1679 0 9.3034 12.144 3.163 0.23799 1678
1680 0 9.223 12.125 3.1335 0.27092 1679
1681 0 9.1569 12.084 3.0956 0.27835 1680
1682 0 9.0793 12.061 3.059 0.32286 1681
1683 0 9.0249 12.073 3.0101 0.29716 1682
1684 0 8.9652 12.113 2.9683 0.30931 1683
1685 0 8.9323 12.149 2.9068 0.29362 1684
1686 0 8.8563 12.192 2.9055 0.2961 1685
1687 0 8.81 12.169 2.8916 0.29391 1686
1688 0 8.7559 12.197 2.85 0.30373 1687
1689 0 8.6895 12.184 2.8297 0.3021 1688
1690 0 8.6518 12.207 2.8142 0.31572 1689
1691 0 8.5983 12.211 2.8122 0.27849 1690
1692 0 8.561 12.249 2.805 0.29912 1691
1693 0 8.4605 12.236 2.7622 0.29501 1692
1694 0 8.3618 12.236 2.7138 0.30161 1693
1695 0 8.308 12.219 2.7021 0.2885 1694
1696 0 8.2546 12.234 2.6485 0.29436 1695
1697 0 8.0994 12.383 2.6794 0.31832 1696
1698 0 8.0205 12.395 2.6643 0.28549 1697
1699 0 7.9652 12.343 2.6645 0.29186 1698
1700 0 8.036 12.064 2.6 0.28723 1699
1701 0 7.891 11.939 2.4064 0.28261 1700
1702 0 7.8848 11.871 2.3931 0.27798 1701
1703 0 7.805 11.852 2.3612 0.29563 1702
1704 0 7.6971 11.853 2.3523 0.33199 1703
1705 0 7.6056 11.853 2.287 0.33321 1704
1706 0 7.5804 11.806 2.2405 0.31293 1705
1707 0 7.51 11.795 2.1915 0.28662 1706
1708 0 7.5296 11.73 2.1737 0.28615 1707
1709 0 7.4611 11.695 2.1085 0.27735 1708
1710 0 7.4156 11.623 2.0662 0.26094 1709
1711 0 7.377 11.55 2.0339 0.25491 1710
1712 0 7.3505 11.524 2.0046 0.24888 1711
1713 0 7.2837 11.478 2.0022 0.24616 1712
1714 0 7.2245 11.439 1.9921 0.24624 1713
1715 0 7.1345 11.415 1.9661 0.24631 1714
1716 0 7.0691 11.375 1.9477 0.24639 1715
1717 0 7.0173 11.376 1.9417 0.24205 1716
1718 0 6.8984 11.354 1.9635 0.23959 1717
1719 0 6.8429 11.353 1.998 0.28406 1718
1720 0 6.7975 11.34 2.0093 0.29255 1719
1721 0 6.7 11.3 2 0.33065 1720
1722 0 6.6014 11.284 2.0904 0.36875 1721
1723 0 6.584 11.246 2.114 0.36865 1722
1724 0 6.4199 11.198 2.1254 0.45452 1723
1725 0 6.4149 11.092 2.1602 0.49721 1724
1726 0 6.3589 11.037 2.177 0.53763 1725
1727 0 6.2765 10.965 2.2016 0.49837 1726
1728 0 6.2839 10.872 2.2104 0.48335 1727
1729 0 6.2661 10.784 2.0927 0.43186 1728
1730 0 6.2544 10.644 2.145 0.54537 1729
1731 0 6.1561 10.659 2.216 0.65448 1730
1732 0 6.1187 10.592 2.2213 0.71307 1731
1733 0 6.0015 10.497 2.246 0.63573 1732
1734 0 5.8109 10.513 2.3257 0.72278 1733
1735 0 5.65 10.5 2.3 0.70946 1734
1736 0 5.6141 10.364 2.3301 0.69615 1735
1737 0 5.5598 10.308 2.2463 0.66635 1736
1738 0 5.4 10.4 2.3 0.66853 1737
1739 0 5.242 10.646 2.468 0.67071 1738
1740 0 5.2 10.35 2.25 0.6303 1739
1741 0 5.1 10.452 2.3431 0.58989 1740
1742 0 5 10.4 2.25 0.57158 1741
1743 0 4.9 10.4 2.25 0.55327 1742
1744 0 4.7475 10.364 2.211 0.53497 1743
1745 0 4.6953 10.3 2.1963 0.48414 1744
1746 0 4.7001 10.187 2.1306 0.45049 1745
1747 0 4.57 10.066 2.1075 0.42185 1746
1748 0 4.45 10 2.1 0.37683 1747
1749 0 4.3388 10.064 2.1392 0.33181 1748
1750 0 4.3019 9.9697 2.0846 0.30538 1749
1751 0 4.2384 9.9336 2.0687 0.28053 1750
1752 0 4.1858 9.9015 2.0648 0.26329 1751
1753 0 4.1361 9.9022 2.0803 0.33059 1752
1754 0 4.0832 9.9053 2.0827 0.39789 1753
1755 0 11.6 12.25 7.85 0.46519 1472
1756 0 11.694 12.356 7.9271 0.68037 1755
1757 0 11.85 12.349 7.9774 0.59073 1756
1758 0 11.9 12.4 8.0202 0.54457 1757
1759 0 12.005 12.535 7.8888 0.37651 1758
1760 0 12.048 12.548 7.8131 0.32131 1759
1761 0 12.148 12.489 7.8496 0.27017 1760
1762 0 12.232 12.431 7.7724 0.21904 1761
1763 0 12.255 12.532 7.6906 0.24136 1762
1764 0 12.29 12.544 7.6668 0.26367 1763
1765 0 12.338 12.522 7.6508 0.24804 1764
1766 0 12.383 12.601 7.657 0.2335 1765
1767 0 12.446 12.606 7.6719 0.22229 1766
1768 0 12.499 12.506 7.6388 0.22768 1767
1769 0 12.549 12.524 7.6428 0.24035 1768
1770 0 12.602 12.552 7.6644 0.20767 1769
1771 0 12.654 12.584 7.6786 0.25073 1770
1772 0 12.7 12.618 7.6596 0.21626 1771
1773 0 12.75 12.627 7.6611 0.22668 1772
1774 0 12.803 12.631 7.672 0.24998 1773
1775 0 12.852 12.604 7.6658 0.24672 1774
1776 0 12.898 12.575 7.6304 0.24347 1775
1777 0 12.944 12.589 7.6052 0.29754 1776
1778 0 13.047 12.55 7.576 0.35938 1777
1779 0 13.158 12.705 7.7507 0.42121 1778
1780 0 13.249 12.68 7.7888 0.41457 1779
1781 0 13.295 12.621 7.8286 0.46138 1780
1782 0 13.331 12.512 7.6825 0.35927 1781
1783 0 13.383 12.503 7.6784 0.3357 1782
1784 0 13.456 12.383 7.6739 0.34838 1783
1785 0 13.467 12.291 7.6461 0.31707 1784
1786 0 13.528 12.281 7.5766 0.28995 1785
1787 0 13.566 12.22 7.5298 0.26003 1786
1788 0 13.619 12.172 7.4868 0.24046 1787
1789 0 13.693 12.186 7.4611 0.22185 1788
1790 0 13.762 12.099 7.4706 0.20325 1789
1791 0 13.802 12.111 7.4014 0.22207 1790
1792 0 13.887 12.198 7.3413 0.23245 1791
1793 0 13.913 12.201 7.2889 0.24284 1792
1794 0 13.979 12.166 7.249 0.24897 1793
1795 0 14.044 12.15 7.2757 0.25511 1794
1796 0 14.089 12.146 7.2056 0.26124 1795
1797 0 14.134 12.145 7.1841 0.27505 1796
1798 0 14.195 12.192 7.1683 0.30524 1797
1799 0 14.244 12.228 7.1275 0.31262 1798
1800 0 14.305 12.188 7.1517 0.31352 1799
1801 0 14.351 12.159 7.1403 0.31803 1800
1802 0 14.403 12.126 7.1761 0.29782 1801
1803 0 14.455 12.139 7.2039 0.28041 1802
1804 0 14.506 12.152 7.2169 0.26834 1803
1805 0 14.56 12.141 7.252 0.26171 1804
1806 0 14.624 12.193 7.2433 0.25507 1805
1807 0 14.665 12.164 7.2585 0.27532 1806
1808 0 14.717 12.173 7.2598 0.29558 1807
1809 0 14.797 12.203 7.2308 0.31583 1808
1810 0 14.867 12.233 7.2274 0.31642 1809
1811 0 14.941 12.226 7.2491 0.32656 1810
1812 0 15.032 12.124 7.2888 0.34995 1811
1813 0 15.087 12.097 7.3015 0.42478 1812
1814 0 15.141 12.047 7.3195 0.46565 1813
1815 0 15.19 12.052 7.3317 0.46637 1814
1816 0 15.226 11.998 7.3348 0.51553 1815
1817 0 15.3 11.9 7.35 0.54287 1816
1818 0 15.4 11.845 7.3166 0.5702 1817
1819 0 15.45 11.862 7.3012 0.54413 1818
1820 0 15.5 11.825 7.3115 0.53899 1819
1821 0 15.55 11.741 7.3573 0.5264 1820
1822 0 15.65 11.823 7.2994 0.47931 1821
1823 0 15.75 11.841 7.329 0.50892 1822
1824 0 15.8 11.842 7.294 0.54264 1823
1825 0 15.893 11.884 7.2922 0.54729 1824
1826 0 15.943 11.845 7.29 0.5648 1825
1827 0 16.094 11.837 7.1908 0.54297 1826
1828 0 16.143 11.852 7.1506 0.36127 1827
1829 0 16.239 11.87 7.1515 0.58262 1828
1830 0 16.35 12 7.3 0.58185 1829
1831 0 16.568 11.863 7.2306 0.58108 1830
1832 0 16.6 12.1 7.25 0.58478 1831
1833 0 16.728 11.876 7.2628 0.58847 1832
1834 0 16.8 11.863 7.2931 0.55652 1833
1835 0 16.9 12.084 7.0311 0.34601 1834
1836 0 17.05 12.019 7.2628 0.41264 1835
1837 0 17.1 12.073 7.2725 0.34114 1836
1838 0 17.15 12.044 7.3013 0.34001 1837
1839 0 17.2 12.075 7.2839 0.27725 1838
1840 0 11.526 12.245 7.7744 0.79695 1755
1841 0 10.55 15.1 3.8 0.59963 1576
1842 0 10.504 14.918 3.7885 0.40231 1841
1843 0 10.464 14.971 3.9448 0.38145 1842
1844 0 10.562 15.02 4.0597 0.26917 1843
1845 0 10.576 15.009 4.1063 0.25578 1844
1846 0 10.593 14.997 4.15 0.19998 1845
1847 0 10.599 14.983 4.2084 0.18016 1846
1848 0 10.575 14.945 4.2567 0.14421 1847
1849 0 10.545 14.939 4.3405 0.15231 1848
1850 0 10.537 14.924 4.3723 0.16042 1849
1851 0 10.463 14.854 4.4012 0.16852 1850
1852 0 10.429 14.821 4.4142 0.18446 1851
1853 0 10.392 14.792 4.461 0.21715 1852
1854 0 10.306 14.744 4.4799 0.23197 1853
1855 0 10.267 14.727 4.4938 0.24679 1854
1856 0 10.223 14.691 4.5788 0.2238 1855
1857 0 10.196 14.714 4.6232 0.21439 1856
1858 0 10.187 14.718 4.7105 0.25679 1857
1859 0 10.956 10.897 5.8244 0.2992 1501
1860 0 10.947 10.815 5.8439 0.25946 1859
1861 0 11 10.769 5.9008 0.21972 1860
1862 0 11.009 10.72 5.9606 0.25128 1861
1863 0 11.094 10.676 5.9686 0.23684 1862
1864 0 11.138 10.619 5.9503 0.20411 1863
1865 0 11.192 10.577 5.9557 0.1836 1864
1866 0 11.208 10.542 5.9464 0.18212 1865
1867 0 11.251 10.495 5.9506 0.18913 1866
1868 0 11.267 10.41 5.9361 0.19878 1867
1869 0 11.233 10.302 5.9551 0.18428 1868
1870 0 11.276 10.247 6.0045 0.20627 1869
1871 0 11.342 10.225 6.0678 0.2343 1870
1872 0 11.365 10.152 6.1073 0.27155 1871
1873 0 11.443 10.115 6.1684 0.28061 1872
1874 0 11.449 10.044 6.1946 0.30718 1873
1875 0 11.462 9.977 6.2324 0.34943 1874
1876 0 11.616 9.9054 6.2172 0.32836 1875
1877 0 11.651 9.8457 6.2775 0.34941 1876
1878 0 11.495 9.5249 6.3048 0.61035 1877
1879 0 11.4 9.75 6.6 0.51288 1878
1880 0 11.548 9.5483 6.5493 0.41541 1879
1881 0 11.563 9.5975 6.6494 0.38057 1880
1882 0 11.561 9.5744 6.736 0.31033 1881
1883 0 11.547 9.5767 6.8465 0.26843 1882
1884 0 11.605 9.5171 6.8804 0.22653 1883
1885 0 11.474 9.3849 6.95 0.20313 1884
1886 0 11.5 9.3448 6.996 0.19548 1885
1887 0 11.694 9.3242 7.0536 0.23196 1886
1888 0 11.743 9.2681 7.0966 0.22602 1887
1889 0 11.839 9.296 7.1086 0.19266 1888
1890 0 11.025 10.795 5.3394 0.32714 1859
1891 0 11.1 10.951 5.2048 0.44594 1890
1892 0 11.13 10.973 5.1901 0.45028 1891
1893 0 11.142 11.1 5.1834 0.4722 1892
1894 0 10.839 11.703 3.4767 0.67321 1529
1895 0 10.9 11.831 3.4781 0.70507 1894
1896 0 10.922 11.94 3.4843 0.70553 1895
1897 0 10.986 11.954 3.4648 0.71564 1896
1898 0 11.05 12.05 3.4 0.56735 1897
1899 0 11.288 11.995 3.3426 0.41906 1898
1900 0 11.336 11.982 3.2853 0.38277 1899
1901 0 11.28 12.112 3.1824 0.28658 1900
1902 0 11.331 12.11 3.1331 0.30446 1901
1903 0 11.359 12.139 3.1014 0.26861 1902
1904 0 11.369 12.223 3.0336 0.23276 1903
1905 0 11.398 12.27 3.0265 0.23477 1904
1906 0 11.442 12.321 2.9725 0.19531 1905
1907 0 11.483 12.351 2.9218 0.17199 1906
1908 0 11.534 12.394 2.9018 0.14867 1907
1909 0 11.581 12.407 2.8873 0.13672 1908
1910 0 11.651 12.448 2.9 0.12478 1909
1911 0 11.696 12.461 2.9 0.12479 1910
1912 0 11.741 12.486 2.9 0.12479 1911
1913 0 11.784 12.516 2.9 0.13309 1912
1914 0 11.846 12.516 2.85 0.1414 1913
1915 0 11.883 12.569 2.85 0.14971 1914
1916 0 11.915 12.593 2.85 0.15801 1915
1917 0 12.044 12.573 2.7986 0.18933 1916
1918 0 12.077 12.611 2.8 0.20214 1917
1919 0 12.124 12.67 2.8033 0.21494 1918
1920 0 12.168 12.686 2.801 0.20044 1919
1921 0 12.349 12.534 2.743 0.23589 1920
1922 0 12.45 12.65 2.75 0.24295 1921
1923 0 12.539 12.51 2.751 0.27262 1922
1924 0 12.624 12.496 2.648 0.30229 1923
1925 0 12.805 12.603 2.65 0.30806 1924
1926 0 12.843 12.609 2.6608 0.35 1925
1927 0 12.895 12.571 2.6041 0.34326 1926
1928 0 12.952 12.603 2.6202 0.37818 1927
1929 0 12.995 12.635 2.5979 0.38795 1928
1930 0 13.127 12.591 2.5313 0.45875 1929
1931 0 13.2 12.7 2.7 0.43668 1930
1932 0 13.3 12.585 2.4697 0.41461 1931
1933 0 13.35 12.602 2.4704 0.41375 1932
1934 0 13.431 12.637 2.4867 0.45568 1933
1935 0 13.481 12.623 2.4714 0.40096 1934
1936 0 13.6 12.75 2.65 0.3812 1935
1937 0 13.7 12.75 2.65 0.36143 1936
1938 0 13.809 12.677 2.556 0.34167 1937
1939 0 13.863 12.698 2.5953 0.34996 1938
1940 0 13.95 12.75 2.65 0.37151 1939
1941 0 14.05 12.85 2.65 0.39307 1940
1942 0 14.15 12.9 2.6 0.41462 1941
1943 0 13.892 13.059 2.6848 0.43618 1942
1944 0 13.864 13.156 2.7328 0.49382 1943
1945 0 13.961 13.256 2.7743 0.49966 1944
1946 0 14.054 13.352 2.7877 0.48489 1945
1947 0 14.1 13.45 2.8 0.498 1946
1948 0 14.004 13.531 2.7864 0.51111 1947
1949 0 14.124 13.566 2.8375 0.4815 1948
1950 0 14.239 13.616 2.8764 0.39534 1949
1951 0 14.223 13.7 2.878 0.42702 1950
1952 0 14.226 13.775 2.8743 0.36956 1951
1953 0 14.25 13.85 2.95 0.34829 1952
1954 0 14.202 13.968 2.866 0.32702 1953
1955 0 14.217 14.031 2.903 0.30689 1954
1956 0 14.246 14.089 2.9445 0.28676 1955
1957 0 14.257 14.154 2.948 0.2761 1956
1958 0 14.24 14.21 2.963 0.26423 1957
1959 0 14.23 14.26 2.976 0.25039 1958
1960 0 14.275 14.295 2.9655 0.23278 1959
1961 0 14.313 14.322 2.95 0.18828 1960
1962 0 14.44 14.48 2.971 0.14379 1961
1963 0 14.483 14.511 2.9811 0.1382 1962
1964 0 14.533 14.561 2.9892 0.13262 1963
1965 0 14.543 14.617 2.9956 0.12703 1964
1966 0 14.558 14.654 3.0186 0.12144 1965
1967 0 14.565 14.693 3.0309 0.12706 1966
1968 0 14.599 14.751 3.05 0.1282 1967
1969 0 14.646 14.803 3.0755 0.12934 1968
1970 0 14.688 14.862 3.0694 0.13829 1969
1971 0 14.74 14.912 3.05 0.14724 1970
1972 0 14.791 14.96 3.039 0.15618 1971
1973 0 14.82 14.982 3.0312 0.16513 1972
1974 0 14.885 15.017 3.0295 0.22301 1973
1975 0 14.974 15.141 2.8038 0.42936 1974
1976 0 15.1 15.15 3.05 0.4649 1975
1977 0 15.241 15.173 2.9162 0.50044 1976
1978 0 15.326 15.187 2.7528 0.37568 1977
1979 0 15.2 15.35 3.05 0.37597 1978
1980 0 15.2 15.45 3.05 0.37627 1979
1981 0 15.375 15.44 2.694 0.37656 1980
1982 0 15.089 15.716 2.7734 0.62084 1981
1983 0 15.071 15.836 2.7604 0.61813 1982
1984 0 15.173 15.874 2.75 0.61715 1983
1985 0 15.45 15.85 3 0.5648 1984
1986 0 15.55 15.95 3 0.51244 1985
1987 0 15.65 16.05 3 0.46008 1986
1988 0 15.65 16.15 3 0.40773 1987
1989 0 15.255 16.25 2.9773 0.35537 1988
1990 0 11.35 11 4.45 0.43211 1514
1991 0 11.387 10.946 4.4962 0.50885 1990
1992 0 11.463 10.889 4.457 0.40086 1991
1993 0 11.458 10.832 4.425 0.28892 1992
1994 0 11.501 10.808 4.3414 0.29237 1993
1995 0 11.532 10.73 4.2964 0.21451 1994
1996 0 11.547 10.721 4.2766 0.20582 1995
1997 0 11.58 10.68 4.2501 0.19512 1996
1998 0 11.651 10.661 4.1881 0.1782 1997
1999 0 11.684 10.63 4.1561 0.16352 1998
2000 0 11.749 10.607 4.1291 0.20297 1999
2001 0 11.761 10.546 4.0984 0.22782 2000
2002 0 11.816 10.505 4.0837 0.25267 2001
2003 0 11.88 10.476 4.0569 0.25814 2002
2004 0 11.96 10.423 4.0411 0.23628 2003
2005 0 11.992 10.374 4.0168 0.25584 2004
2006 0 11.996 10.313 3.9952 0.28804 2005
2007 0 12.016 10.26 3.97 0.31538 2006
2008 0 12.074 10.207 3.9578 0.31038 2007
2009 0 12.089 10.12 3.9429 0.37451 2008
2010 0 12.123 10.072 3.8614 0.35897 2009
2011 0 12.167 10.033 3.844 0.34995 2010
2012 0 12.168 9.9774 3.8035 0.35741 2011
2013 0 12.16 9.89 3.7533 0.36444 2012
2014 0 12.166 9.8381 3.7608 0.40028 2013
2015 0 12.167 9.7569 3.7741 0.41757 2014
2016 0 12.189 9.6837 3.6805 0.45493 2015
2017 0 12.188 9.6077 3.6285 0.41965 2016
2018 0 12.248 9.5697 3.5521 0.38705 2017
2019 0 12.3 9.5 3.5 0.37219 2018
2020 0 12.4 9.5 3.45 0.35732 2019
2021 0 12.5 9.5 3.45 0.34246 2020
2022 0 12.5 9.4 3.35 0.32759 2021
2023 0 12.454 9.2825 3.328 0.31272 2022
2024 0 12.412 9.2001 3.2498 0.29495 2023
2025 0 12.425 9.1315 3.2463 0.29988 2024
2026 0 12.421 9.0902 3.2196 0.26484 2025
2027 0 10.948 11.859 3.7303 0.62744 1523
2028 0 10.95 11.867 3.5223 0.66021 2027
2029 0 10.955 11.775 3.4695 0.69062 2028
2030 0 11.041 11.713 3.2629 0.59747 2029
2031 0 10.896 11.458 3.1983 0.45422 2030
2032 0 11.097 11.278 3.1955 0.33843 2031
2033 0 11.238 11.236 3.199 0.27938 2032
2034 0 11.368 11.292 3.1984 0.26448 2033
2035 0 11.441 11.256 3.1521 0.24958 2034
2036 0 11.492 11.221 3.1231 0.23468 2035
2037 0 11.534 11.217 3.0605 0.22938 2036
2038 0 11.591 11.19 3.0199 0.22019 2037
2039 0 11.643 11.176 3.022 0.21384 2038
2040 0 11.69 11.16 3.0175 0.214 2039
2041 0 11.738 11.133 2.9851 0.20233 2040
2042 0 11.794 11.118 2.9654 0.21294 2041
2043 0 11.847 11.118 2.9686 0.20433 2042
2044 0 11.897 11.118 2.972 0.21448 2043
2045 0 11.978 11.103 2.9386 0.18712 2044
2046 0 12.017 11.022 2.9023 0.19577 2045
2047 0 12.093 10.992 2.9016 0.17512 2046
2048 0 12.103 10.908 2.8402 0.18581 2047
2049 0 12.167 10.874 2.8394 0.18262 2048
2050 0 12.276 10.807 2.8464 0.17721 2049
2051 0 12.318 10.813 2.8502 0.18178 2050
2052 0 12.348 10.763 2.8591 0.20284 2051
2053 0 12.406 10.783 2.8837 0.20113 2052
2054 0 12.462 10.792 2.9269 0.19734 2053
2055 0 12.507 10.778 2.9366 0.20203 2054
2056 0 12.565 10.794 2.9763 0.20319 2055
2057 0 12.613 10.785 2.9867 0.2132 2056
2058 0 12.669 10.802 3.0251 0.21683 2057
2059 0 12.71 10.774 3.0367 0.19148 2058
2060 0 12.761 10.795 3.0901 0.19673 2059
2061 0 12.828 10.771 3.12 0.19308 2060
2062 0 12.866 10.742 3.1327 0.17254 2061
2063 0 12.885 10.728 3.1792 0.18732 2062
2064 0 12.933 10.734 3.2343 0.18113 2063
2065 0 13.003 10.736 3.2446 0.17804 2064
2066 0 13.056 10.737 3.2896 0.19849 2065
2067 0 13.101 10.701 3.2985 0.21894 2066
2068 0 13.15 10.723 3.3498 0.24245 2067
2069 0 13.193 10.695 3.3679 0.259 2068
2070 0 13.251 10.697 3.3944 0.29167 2069
2071 0 13.344 10.649 3.3966 0.31835 2070
2072 0 13.392 10.652 3.4176 0.31923 2071
2073 0 13.572 10.671 3.4455 0.34168 2072
2074 0 13.643 10.711 3.4518 0.34925 2073
2075 0 13.7 10.55 3.3 0.36586 2074
2076 0 13.76 10.438 3.264 0.38247 2075
2077 0 13.822 10.4 3.2231 0.42001 2076
2078 0 13.95 10.45 3.3 0.43209 2077
2079 0 14.1 10.398 3.3001 0.44416 2078
2080 0 14.207 10.384 3.2776 0.43902 2079
2081 0 14.256 10.488 3.3873 0.45647 2080
2082 0 14.4 10.376 3.3227 0.44273 2081
2083 0 14.45 10.242 3.281 0.38852 2082
2084 0 14.5 10.236 3.305 0.40243 2083
2085 0 14.6 10.4 3.35 0.41254 2084
2086 0 14.716 10.304 3.3932 0.42265 2085
2087 0 14.772 10.26 3.3823 0.39633 2086
2088 0 14.851 10.254 3.4036 0.33344 2087
2089 0 14.938 10.264 3.4236 0.24628 2088
2090 0 14.973 10.251 3.4446 0.18986 2089
2091 0 15.015 10.235 3.4399 0.16938 2090
2092 0 15.054 10.222 3.4513 0.1489 2091
2093 0 15.1 10.249 3.451 0.30441 2092
2094 0 6.1 10.85 2.2 0.45992 1728
2095 0 6.2268 10.483 2.1322 0.61543 2094
2096 0 6.0855 10.469 2.1418 0.6406 2095
2097 0 5.9963 10.488 2.1805 0.64959 2096
2098 0 5.6737 10.391 2.2367 0.75282 2097
2099 0 5.5908 10.407 2.2908 0.72667 2098
2100 0 5.6 10.7 2.5 0.72983 2099
2101 0 5.2676 10.794 2.5085 0.733 2100
2102 0 5.45 10.9 2.75 0.69342 2101
2103 0 5.1143 10.906 2.7206 0.65384 2102
2104 0 5.103 10.834 2.8089 0.59022 2103
2105 0 5.0405 10.821 2.827 0.52728 2104
2106 0 4.9195 10.883 2.8521 0.45422 2105
2107 0 6 10.75 2.2 0.62178 1731
2108 0 5.803 10.57 2.31 0.78934 2107
2109 0 5.8676 10.446 2.2419 0.78124 2108
2110 0 6.1132 10.278 2.158 0.76169 2109
2111 0 6.1513 10.206 2.1782 0.70564 2110
2112 0 6.1627 10.135 2.2267 0.63411 2111
2113 0 6.3212 10.037 2.2361 0.41292 2112
2114 0 6.5208 10.116 2.3064 0.21163 2113
2115 0 6.5521 10.083 2.3243 0.14777 2114
2116 0 6.6256 10.043 2.3198 0.091849 2115
2117 0 6.6062 9.9531 2.3 0.21788 2116
2118 0 6.6 9.9 2.3 0.34391 2117
2119 0 6.6425 9.8713 2.3 0.46993 2118
2120 0 5.9 10.75 2.25 0.59596 1734
2121 0 5.7207 10.571 2.3 0.72199 2120
2122 0 5.8 10.85 2.25 0.67686 2121
2123 0 5.4859 10.738 2.4515 0.63173 2122
2124 0 5.4148 10.776 2.4428 0.64505 2123
2125 0 5.3577 10.828 2.5075 0.61822 2124
2126 0 5.2683 10.93 2.5977 0.60229 2125
2127 0 5.23 10.993 2.5888 0.60849 2126
2128 0 5.35 11.25 2.3 0.54321 2127
2129 0 5.25 11.35 2.3 0.47794 2128
2130 0 5.0759 11.283 2.597 0.41267 2129
2131 0 5.0454 11.381 2.5079 0.35249 2130
2132 0 5.0607 11.495 2.4481 0.34858 2131
2133 0 4.9738 11.52 2.3984 0.29888 2132
2134 0 4.9536 11.566 2.3697 0.26256 2133
2135 0 4.9257 11.605 2.3196 0.22617 2134
2136 0 4.8956 11.673 2.3142 0.21139 2135
2137 0 13.01 12.535 7.6232 0.31995 1778
2138 0 13.007 12.657 7.6756 0.36572 2137
2139 0 13.148 12.745 7.7046 0.32056 2138
2140 0 13.229 12.909 7.6992 0.24661 2139
2141 0 13.304 12.835 7.8421 0.2496 2140
2142 0 13.314 12.777 7.9289 0.26059 2141
2143 0 13.35 12.6 7.95 0.27158 2142
2144 0 13.445 12.613 8.0127 0.29315 2143
2145 0 13.479 12.622 8.078 0.29079 2144
2146 0 13.499 12.662 8.1489 0.27893 2145
2147 0 13.524 12.649 8.182 0.27819 2146
2148 0 13.561 12.655 8.2432 0.26453 2147
2149 0 13.598 12.648 8.3014 0.2595 2148
2150 0 13.615 12.665 8.3405 0.27355 2149
2151 0 13.655 12.624 8.3937 0.30132 2150
2152 0 13.704 12.617 8.4081 0.29735 2151
2153 0 13.684 12.636 8.5063 0.32422 2152
2154 0 13.758 12.595 8.5369 0.33735 2153
2155 0 13.778 12.628 8.5827 0.3735 2154
2156 0 13.854 12.546 8.6088 0.39964 2155
2157 0 13.904 12.596 8.7478 0.36812 2156
2158 0 13.964 12.663 8.793 0.41338 2157
2159 0 14.024 12.595 8.9301 0.32416 2158
2160 0 14.025 12.573 8.9804 0.35 2159
2161 0 14.061 12.536 9.0123 0.34263 2160
2162 0 14.079 12.505 9.0672 0.28128 2161
2163 0 14.109 12.489 9.1295 0.2202 2162
2164 0 14.085 12.414 9.1678 0.15912 2163
2165 0 14.094 12.392 9.1965 0.17647 2164
2166 0 14.046 12.421 9.2741 0.19381 2165
2167 0 15.25 15.2 3.05 0.23763 1976
2168 0 15.405 15.131 3.0205 0.28144 2167
2169 0 15.508 15.154 3.0604 0.3255 2168
2170 0 15.597 15.149 3.0699 0.27913 2169
2171 0 15.591 15.067 3.1758 0.20927 2170
2172 0 15.638 14.984 3.2094 0.15044 2171
2173 0 15.588 14.888 3.3 0.18238 2172
2174 0 15.647 14.917 3.3873 0.21431 2173
2175 0 15.698 14.907 3.5212 0.33423 2174
2176 0 15.708 14.861 3.5563 0.30855 2175
2177 0 15.656 14.875 3.5954 0.32954 2176
2178 0 15.6 14.849 3.6371 0.31708 2177
2179 0 15.612 14.814 3.7064 0.28912 2178
2180 0 15.581 14.797 3.7571 0.27899 2179
2181 0 15.537 14.765 3.788 0.28499 2180
2182 0 15.549 14.738 3.8407 0.29727 2181
2183 0 15.554 14.741 3.8988 0.26931 2182
2184 0 15.55 14.703 3.95 0.24438 2183
2185 0 15.547 14.75 4 0.21538 2184
2186 0 15.567 14.759 4.05 0.14978 2185
2187 0 15.583 14.72 4.1 0.083304 2186
2188 0 15.2 15.105 2.7953 0.29932 2167
2189 0 15.2 15.55 3.05 0.48254 1980
2190 0 15.271 15.64 2.9293 0.66575 2189
2191 0 15.264 15.577 2.8671 0.68114 2190
2192 0 15.123 15.616 2.7994 0.5921 2191
2193 0 14.968 15.794 2.6772 0.53409 2192
2194 0 14.924 15.789 2.5957 0.47255 2193
2195 0 14.85 15.65 2.55 0.44514 2194
2196 0 14.715 15.756 2.4829 0.41774 2195
2197 0 14.735 15.481 2.453 0.39858 2196
2198 0 14.666 15.47 2.4784 0.35419 2197
2199 0 14.583 15.55 2.4262 0.38908 2198
2200 0 14.529 15.607 2.3998 0.34011 2199
2201 0 14.517 15.339 2.3405 0.33126 2200
2202 0 14.437 15.286 2.3117 0.31011 2201
2203 0 14.338 15.466 2.2555 0.36467 2202
2204 0 14.268 15.488 2.209 0.29023 2203
2205 0 14.211 15.435 2.1668 0.2702 2204
2206 0 14.212 15.407 2.1508 0.28944 2205
2207 0 14.189 15.348 2.0854 0.24816 2206
2208 0 14.125 15.313 2.0419 0.20817 2207
2209 0 14.085 15.293 1.9649 0.28095 2208
2210 0 13.95 12.75 2.65 0.35373 1940
2211 0 14.087 13.016 2.8666 0.55747 2210
2212 0 14.087 12.809 2.7652 0.3415 2211
2213 0 14.148 12.748 2.6986 0.25401 2212
2214 0 14.213 12.72 2.7138 0.16312 2213
2215 0 14.191 12.644 2.7755 0.10885 2214
2216 0 14.204 12.559 2.7904 0.10885 2215
2217 0 14.262 12.468 2.796 0.10885 2216
2218 0 14.307 12.461 2.8 0.10885 2217
2219 0 14.38 12.46 2.7948 0.10885 2218
