 -46.1    -46      -46      -45.7    -45.7    -46      -46      -45.7    -46      -46      -45.7    -45.9    -46      -45.7    -45.7    -46      -45.6    -45.7    -45.7    -45.7    -45.7    -45.7    -45.7    -45.7    -45.7    -45.7   
 -46      -46.1    -46      -45.7    -45.7    -45.9    -46      -45.7    -46      -45.9    -45.7    -45.8    -45.9    -45.7    -45.7    -46      -45.6    -45.7    -45.7    -45.7    -45.7    -45.7    -45.7    -45.7    -45.7    -45.7   
 -46.1    -46.1    -46.1    -45.8    -45.8    -46.1    -46.1    -45.8    -46.1    -46.1    -45.8    -46      -46.1    -45.8    -45.8    -46.1    -45.7    -45.8    -45.8    -45.8    -45.8    -45.8    -45.8    -45.8    -45.8    -45.8   
 -45.9    -45.9    -45.9    -45.9    -45.8    -45.9    -45.9    -45.8    -45.9    -45.9    -45.8    -45.8    -45.9    -45.8    -45.8    -45.9    -45.7    -45.8    -45.8    -45.8    -45.8    -45.8    -45.8    -45.8    -45.8    -45.8   
 -46.1    -46.1    -46.1    -46      -46.1    -46.1    -46.1    -46.1    -46.1    -46.1    -46.1    -46.1    -46.1    -46.1    -46.1    -46.1    -45.9    -46.1    -46.1    -46.1    -46.1    -46.1    -46.1    -46.1    -46.1    -46.1   
 -46.2    -46.2    -46.2    -45.9    -45.9    -46.2    -46.2    -45.9    -46.2    -46.2    -45.9    -46.1    -46.2    -45.9    -45.9    -46.2    -45.8    -45.9    -45.9    -45.9    -45.9    -45.9    -45.9    -45.9    -45.9    -45.9   
 -46      -46      -46      -45.7    -45.7    -46      -46.1    -45.7    -46      -46      -45.7    -45.9    -46      -45.7    -45.7    -46      -45.6    -45.7    -45.7    -45.7    -45.7    -45.7    -45.7    -45.7    -45.7    -45.7   
 -46      -46      -46      -45.9    -45.9    -46      -46      -46      -46      -46      -46      -45.9    -46      -46      -46      -46      -45.8    -46      -46      -46      -46      -46      -46      -46      -46      -46     
 -45.8    -45.8    -45.8    -45.5    -45.5    -45.7    -45.8    -45.5    -45.9    -45.7    -45.5    -45.6    -45.7    -45.5    -45.5    -45.8    -45.4    -45.5    -45.5    -45.5    -45.5    -45.5    -45.5    -45.5    -45.5    -45.5   
 -46      -46      -46      -45.7    -45.7    -46      -46      -45.7    -46      -46      -45.7    -45.8    -46      -45.7    -45.7    -46      -45.6    -45.7    -45.7    -45.7    -45.7    -45.7    -45.7    -45.7    -45.7    -45.7   
 -45.8    -45.8    -45.8    -45.6    -45.7    -45.7    -45.7    -45.8    -45.8    -45.7    -45.9    -45.7    -45.7    -45.8    -45.8    -45.8    -45.6    -45.7    -45.7    -45.7    -45.7    -45.7    -45.7    -45.7    -45.7    -45.7   
 -45.5    -45.5    -45.5    -45.2    -45.2    -45.4    -45.4    -45.3    -45.5    -45.4    -45.3    -45.7    -45.4    -45.3    -45.3    -45.5    -45.1    -45.3    -45.3    -45.3    -45.3    -45.3    -45.3    -45.3    -45.3    -45.3   
 -46      -46      -46      -45.7    -45.7    -46      -46      -45.7    -46      -46      -45.7    -45.9    -46      -45.7    -45.7    -46      -45.6    -45.7    -45.7    -45.7    -45.7    -45.7    -45.7    -45.7    -45.7    -45.7   
 -45.8    -45.8    -45.8    -45.7    -45.7    -45.8    -45.8    -45.8    -45.8    -45.8    -45.9    -45.8    -45.8    -45.9    -45.9    -45.8    -45.6    -45.8    -45.8    -45.8    -45.8    -45.8    -45.8    -45.8    -45.8    -45.8   
 -45.8    -45.8    -45.8    -45.7    -45.7    -45.8    -45.8    -45.8    -45.8    -45.8    -45.9    -45.7    -45.8    -45.9    -45.9    -45.8    -45.6    -45.7    -45.7    -45.8    -45.8    -45.8    -45.8    -45.8    -45.8    -45.8   
 -45.5    -45.5    -45.5    -45.1    -45.1    -45.4    -45.4    -45.2    -45.5    -45.4    -45.2    -45.3    -45.4    -45.2    -45.2    -45.8    -45      -45.2    -45.2    -45.2    -45.2    -45.2    -45.2    -45.2    -45.2    -45.2   
 -46.2    -46.2    -46.2    -46.1    -46.1    -46.2    -46.2    -46.1    -46.2    -46.2    -46.1    -46.1    -46.2    -46.1    -46.1    -46.2    -46      -46.1    -46.1    -46.1    -46.1    -46.1    -46.1    -46.1    -46.1    -46.1   
 -46.1    -46.1    -46.1    -46      -46      -46.1    -46.1    -46.1    -46.1    -46.1    -46.1    -46      -46.1    -46.1    -46.1    -46.1    -45.9    -46.1    -46.1    -46.1    -46.1    -46.1    -46.1    -46.1    -46.1    -46.1   
 -45.8    -45.8    -45.8    -45.7    -45.7    -45.8    -45.8    -45.8    -45.8    -45.8    -45.8    -45.7    -45.8    -45.8    -45.8    -45.8    -45.6    -45.8    -45.9    -45.9    -45.9    -45.9    -45.9    -45.9    -45.9    -45.9   
 -45.8    -45.8    -45.8    -45.7    -45.7    -45.7    -45.8    -45.7    -45.8    -45.7    -45.7    -45.7    -45.7    -45.7    -45.7    -45.8    -45.6    -45.8    -45.9    -45.9    -45.9    -45.9    -45.9    -45.9    -45.9    -45.9   
 -45.8    -45.8    -45.8    -45.7    -45.7    -45.7    -45.8    -45.7    -45.8    -45.7    -45.7    -45.7    -45.7    -45.7    -45.7    -45.8    -45.6    -45.8    -45.9    -45.9    -45.9    -45.9    -45.9    -45.9    -45.9    -45.9   
 -45.7    -45.7    -45.7    -45.6    -45.6    -45.7    -45.7    -45.7    -45.7    -45.7    -45.7    -45.7    -45.7    -45.7    -45.7    -45.7    -45.5    -45.7    -45.8    -45.8    -45.8    -45.9    -45.8    -45.8    -45.8    -45.8   
 -45.7    -45.7    -45.7    -45.6    -45.6    -45.7    -45.7    -45.7    -45.7    -45.7    -45.7    -45.7    -45.7    -45.7    -45.7    -45.7    -45.5    -45.7    -45.8    -45.8    -45.8    -45.8    -45.9    -45.9    -45.9    -45.9   
 -45.5    -45.5    -45.5    -45.4    -45.4    -45.5    -45.5    -45.5    -45.5    -45.5    -45.5    -45.5    -45.5    -45.5    -45.5    -45.5    -45.3    -45.5    -45.6    -45.6    -45.6    -45.6    -45.6    -45.7    -45.7    -45.7   
 -45.5    -45.5    -45.5    -45.4    -45.4    -45.5    -45.5    -45.5    -45.5    -45.5    -45.5    -45.5    -45.5    -45.5    -45.5    -45.5    -45.3    -45.5    -45.6    -45.6    -45.6    -45.6    -45.6    -45.7    -45.7    -45.7   
 -45.6    -45.6    -45.6    -45.5    -45.5    -45.6    -45.6    -45.5    -45.6    -45.6    -45.5    -45.5    -45.6    -45.5    -45.5    -45.6    -45.4    -45.6    -45.7    -45.7    -45.7    -45.7    -45.7    -45.8    -45.8    -45.8   
 -45.5    -45.5    -45.5    -45.2    -45.2    -45.4    -45.4    -45.3    -45.5    -45.4    -45.3    -45.7    -45.4    -45.3    -45.3    -45.5    -45.1    -45.3    -45.3    -45.3    -45.3    -45.3    -45.3    -45.3    -45.3    -45.3   
 -45.5    -45.5    -45.5    -45.2    -45.2    -45.4    -45.4    -45.3    -45.5    -45.4    -45.3    -45.7    -45.4    -45.3    -45.3    -45.5    -45.1    -45.3    -45.3    -45.3    -45.3    -45.3    -45.3    -45.3    -45.3    -45.3   
 -46      -46      -46      -45.7    -45.7    -46      -46.1    -45.7    -46      -46      -45.7    -45.9    -46      -45.7    -45.7    -46      -45.6    -45.7    -45.7    -45.7    -45.7    -45.7    -45.7    -45.7    -45.7    -45.7   
 -45.5    -45.5    -45.5    -45.2    -45.2    -45.4    -45.5    -45.3    -45.5    -45.4    -45.3    -45.7    -45.4    -45.3    -45.3    -45.5    -45.1    -45.3    -45.3    -45.3    -45.3    -45.3    -45.3    -45.3    -45.3    -45.3   
 -45.5    -45.5    -45.5    -45.3    -45.3    -45.5    -45.5    -45.3    -45.5    -45.5    -45.3    -45.7    -45.5    -45.3    -45.3    -45.6    -45.2    -45.3    -45.4    -45.4    -45.4    -45.4    -45.4    -45.4    -45.4    -45.4   
 -45.9    -45.9    -45.9    -45.6    -45.6    -45.9    -45.9    -45.6    -45.9    -45.9    -45.6    -45.8    -45.9    -45.6    -45.6    -45.9    -45.5    -45.6    -45.6    -45.6    -45.6    -45.6    -45.6    -45.6    -45.6    -45.6   
 -46      -46      -46      -45.7    -45.7    -46      -46.1    -45.7    -46      -46      -45.7    -45.9    -46      -45.7    -45.7    -46.1    -45.6    -45.7    -45.7    -45.7    -45.7    -45.7    -45.7    -45.7    -45.7    -45.7   
 -45.4    -45.4    -45.4    -45.2    -45.2    -45.4    -45.4    -45.2    -45.4    -45.4    -45.2    -45.7    -45.4    -45.2    -45.2    -45.4    -45.1    -45.2    -45.3    -45.3    -45.3    -45.3    -45.3    -45.3    -45.3    -45.3   
 -46      -46      -46      -45.7    -45.7    -46      -46.1    -45.7    -46      -46      -45.7    -45.9    -46      -45.7    -45.7    -46.1    -45.6    -45.7    -45.7    -45.7    -45.7    -45.7    -45.7    -45.7    -45.7    -45.7   
 -45.9    -45.9    -45.8    -45.5    -45.5    -45.8    -45.8    -45.5    -45.8    -45.8    -45.5    -45.7    -45.8    -45.5    -45.5    -45.9    -45.4    -45.5    -45.5    -45.5    -45.5    -45.5    -45.5    -45.5    -45.5    -45.5   
 -46      -46      -46      -45.7    -45.7    -46      -46      -45.7    -46      -46      -45.7    -45.9    -46      -45.7    -45.7    -46      -45.6    -45.7    -45.7    -45.7    -45.7    -45.7    -45.7    -45.7    -45.7    -45.7   
 -45.9    -45.8    -45.8    -45.5    -45.5    -45.7    -45.8    -45.5    -45.8    -45.7    -45.5    -45.7    -45.7    -45.5    -45.5    -45.8    -45.4    -45.5    -45.5    -45.5    -45.5    -45.5    -45.5    -45.5    -45.5    -45.5   
 -45.9    -45.8    -45.8    -45.5    -45.5    -45.7    -45.8    -45.5    -45.8    -45.7    -45.5    -45.6    -45.7    -45.5    -45.5    -45.8    -45.4    -45.5    -45.5    -45.5    -45.5    -45.5    -45.5    -45.5    -45.5    -45.5   
 -46      -46      -46      -45.7    -45.7    -46      -46      -45.7    -46      -46      -45.7    -45.9    -46      -45.7    -45.7    -46.1    -45.6    -45.8    -45.8    -45.8    -45.8    -45.8    -45.8    -45.8    -45.8    -45.8   
 -45.9    -45.8    -45.8    -45.5    -45.5    -45.7    -45.8    -45.5    -45.8    -45.7    -45.5    -45.7    -45.7    -45.5    -45.5    -45.8    -45.4    -45.5    -45.5    -45.5    -45.5    -45.5    -45.5    -45.5    -45.5    -45.5   
 -45.8    -45.8    -45.8    -45.4    -45.4    -45.7    -45.7    -45.4    -45.9    -45.7    -45.4    -45.6    -45.7    -45.4    -45.4    -45.8    -45.3    -45.4    -45.5    -45.5    -45.5    -45.5    -45.5    -45.5    -45.5    -45.5   
 -45.9    -45.9    -45.8    -45.5    -45.5    -45.8    -45.8    -45.5    -45.8    -45.8    -45.5    -45.7    -45.8    -45.5    -45.5    -45.9    -45.4    -45.5    -45.5    -45.5    -45.5    -45.5    -45.5    -45.5    -45.5    -45.5   
 -45.9    -45.8    -45.8    -45.5    -45.5    -45.8    -45.8    -45.5    -45.8    -45.8    -45.5    -45.7    -45.8    -45.5    -45.5    -45.8    -45.4    -45.5    -45.5    -45.5    -45.5    -45.5    -45.5    -45.5    -45.5    -45.5   
 -45.8    -45.8    -45.8    -45.4    -45.4    -45.7    -45.7    -45.4    -45.9    -45.7    -45.4    -45.6    -45.7    -45.4    -45.4    -45.8    -45.3    -45.4    -45.5    -45.5    -45.5    -45.5    -45.5    -45.5    -45.5    -45.5   
 -45.8    -45.8    -45.8    -45.5    -45.5    -45.7    -45.8    -45.5    -45.9    -45.7    -45.5    -45.6    -45.7    -45.5    -45.5    -45.8    -45.4    -45.5    -45.5    -45.5    -45.5    -45.5    -45.5    -45.5    -45.5    -45.5   
 -46.2    -46.2    -46.2    -45.9    -45.9    -46.2    -46.2    -46      -46.2    -46.2    -46      -46.1    -46.2    -46      -46      -46.3    -45.8    -46      -46      -46      -46      -46      -46      -46      -46      -46     
 -45.5    -45.5    -45.5    -45.4    -45.4    -45.5    -45.5    -45.5    -45.5    -45.5    -45.5    -45.5    -45.5    -45.5    -45.5    -45.5    -45.3    -45.5    -45.6    -45.6    -45.6    -45.6    -45.6    -45.7    -45.7    -45.7   
 -46.2    -46.2    -46.2    -45.9    -45.9    -46.2    -46.2    -45.9    -46.2    -46.2    -45.9    -46.1    -46.2    -45.9    -45.9    -46.2    -45.8    -45.9    -45.9    -45.9    -45.9    -45.9    -45.9    -45.9    -45.9    -45.9   
 -45.5    -45.5    -45.5    -45.4    -45.4    -45.5    -45.5    -45.5    -45.5    -45.5    -45.5    -45.5    -45.5    -45.5    -45.5    -45.5    -45.3    -45.5    -45.6    -45.6    -45.6    -45.6    -45.6    -45.7    -45.7    -45.7   
 -45.9    -45.9    -45.9    -45.6    -45.6    -45.9    -45.9    -45.6    -45.9    -45.9    -45.6    -45.8    -45.9    -45.6    -45.6    -45.9    -45.5    -45.6    -45.6    -45.6    -45.6    -45.6    -45.6    -45.6    -45.6    -45.6   
 -46.2    -46.2    -46.2    -45.9    -45.9    -46.2    -46.2    -46      -46.2    -46.2    -46      -46.1    -46.2    -46      -46      -46.3    -45.8    -46      -46      -46      -46      -46      -46      -46      -46      -46     
 -45.9    -45.9    -45.9    -45.6    -45.6    -45.9    -45.9    -45.6    -45.9    -45.9    -45.6    -45.8    -45.9    -45.6    -45.6    -45.9    -45.5    -45.6    -45.6    -45.6    -45.6    -45.6    -45.6    -45.6    -45.6    -45.6   
 -46      -46      -46      -45.6    -45.6    -45.9    -45.9    -45.6    -46      -45.9    -45.6    -45.8    -45.9    -45.6    -45.6    -46      -45.5    -45.6    -45.6    -45.6    -45.6    -45.7    -45.7    -45.7    -45.7    -45.7   
 -45.9    -45.9    -45.9    -45.6    -45.6    -45.9    -45.9    -45.6    -45.9    -45.9    -45.6    -45.8    -46      -45.6    -45.6    -45.9    -45.5    -45.6    -45.7    -45.7    -45.7    -45.7    -45.7    -45.7    -45.7    -45.7   
 -46.3    -46.3    -46.3    -46      -46      -46.2    -46.3    -46      -46.3    -46.2    -46      -46.2    -46.2    -46      -46      -46.3    -45.9    -46      -46      -46      -46      -46      -46      -46      -46      -46     
 -46.2    -46.2    -46.2    -45.9    -45.9    -46.2    -46.2    -45.9    -46.2    -46.2    -45.9    -46.1    -46.2    -45.9    -45.9    -46.2    -45.8    -45.9    -46      -46      -46      -46      -46      -46      -46      -46     
 -46.3    -46.3    -46.3    -46      -46      -46.2    -46.2    -46      -46.3    -46.2    -46      -46.1    -46.2    -46      -46      -46.3    -45.9    -46      -46      -46      -46      -46      -46      -46      -46      -46     
 -46.3    -46.3    -46.2    -46      -45.9    -46.2    -46.2    -46      -46.2    -46.2    -46      -46.1    -46.2    -46      -46      -46.3    -45.9    -46      -46      -46      -46      -46      -46      -46      -46      -46     
 -46.2    -46.2    -46.2    -45.9    -45.9    -46.2    -46.2    -46      -46.2    -46.2    -46      -46.1    -46.2    -46      -46      -46.3    -45.8    -46      -46      -46      -46      -46      -46      -46      -46      -46     
 -45.7    -45.7    -45.7    -45.6    -45.6    -45.7    -45.7    -45.7    -45.7    -45.7    -45.8    -45.6    -45.7    -45.8    -45.8    -45.7    -45.5    -45.7    -45.7    -45.7    -45.7    -45.7    -45.7    -45.7    -45.7    -45.7   
 -45.8    -45.8    -45.8    -45.7    -45.7    -45.7    -45.8    -45.8    -45.8    -45.7    -45.9    -45.7    -45.7    -45.8    -45.9    -45.8    -45.6    -45.7    -45.7    -45.7    -45.7    -45.7    -45.7    -45.7    -45.7    -45.7   
 -46.2    -46.2    -46.2    -45.8    -45.8    -46.1    -46.1    -45.8    -46.2    -46.1    -45.8    -46      -46.1    -45.8    -45.8    -46.2    -45.7    -45.8    -45.8    -45.8    -45.8    -45.8    -45.8    -45.8    -45.8    -45.8   
 -46.1    -46      -46      -45.7    -45.7    -46      -46      -45.7    -46      -46      -45.7    -45.9    -46      -45.7    -45.7    -46      -45.6    -45.7    -45.7    -45.7    -45.7    -45.7    -45.7    -45.7    -45.7    -45.7   
 -45.8    -45.8    -45.8    -45.7    -45.7    -45.8    -45.8    -45.8    -45.8    -45.8    -45.9    -45.7    -45.8    -45.9    -45.9    -45.8    -45.6    -45.7    -45.8    -45.8    -45.8    -45.8    -45.8    -45.8    -45.8    -45.8   
 -46.3    -46.3    -46.3    -46.2    -46.2    -46.3    -46.3    -46.2    -46.3    -46.3    -46.2    -46.3    -46.3    -46.2    -46.2    -46.3    -46.1    -46.2    -46.2    -46.2    -46.2    -46.2    -46.2    -46.2    -46.2    -46.2   
 -45.7    -45.7    -45.7    -45.6    -45.6    -45.7    -45.7    -45.7    -45.7    -45.7    -45.7    -45.7    -45.7    -45.7    -45.7    -45.7    -45.5    -45.7    -45.7    -45.7    -45.7    -45.7    -45.7    -45.7    -45.7    -45.7   
 -45.8    -45.8    -45.8    -45.7    -45.7    -45.8    -45.8    -45.8    -45.8    -45.8    -45.8    -45.8    -45.8    -45.8    -45.8    -45.8    -45.6    -45.8    -45.8    -45.8    -45.8    -45.8    -45.8    -45.8    -45.8    -45.8   
 -45.8    -45.8    -45.8    -45.7    -45.7    -45.8    -45.8    -45.8    -45.8    -45.8    -45.9    -45.8    -45.8    -45.9    -45.9    -45.8    -45.6    -45.8    -45.8    -45.8    -45.8    -45.8    -45.8    -45.8    -45.8    -45.8   
 -45.8    -45.8    -45.8    -45.7    -45.7    -45.8    -45.8    -45.7    -45.8    -45.8    -45.7    -45.7    -45.8    -45.7    -45.7    -45.8    -45.6    -45.8    -45.8    -45.8    -45.8    -45.8    -45.8    -45.8    -45.8    -45.8   
 -45.7    -45.7    -45.7    -45.6    -45.6    -45.7    -45.7    -45.7    -45.7    -45.7    -45.7    -45.7    -45.7    -45.7    -45.7    -45.7    -45.5    -45.7    -45.7    -45.7    -45.7    -45.7    -45.7    -45.7    -45.7    -45.7   
 -45.9    -45.9    -45.9    -45.8    -45.8    -45.8    -45.9    -45.8    -45.9    -45.8    -45.8    -45.8    -45.8    -45.8    -45.8    -45.9    -45.7    -45.9    -45.9    -45.9    -45.9    -45.9    -45.9    -45.9    -45.9    -45.9   
 -45.9    -45.9    -45.9    -45.7    -45.8    -45.8    -45.9    -45.8    -45.9    -45.8    -45.8    -45.8    -45.8    -45.8    -45.8    -45.9    -45.7    -45.9    -45.9    -45.9    -45.9    -45.9    -45.9    -45.9    -45.9    -45.9   
 -45.8    -45.8    -45.8    -45.7    -45.7    -45.8    -45.8    -45.8    -45.8    -45.8    -45.8    -45.8    -45.8    -45.8    -45.8    -45.8    -45.6    -45.8    -45.8    -45.8    -45.8    -45.8    -45.8    -45.8    -45.8    -45.8   
 -45.9    -45.9    -45.9    -45.9    -45.8    -45.9    -45.9    -45.8    -45.9    -45.9    -45.8    -45.9    -45.9    -45.8    -45.8    -45.9    -45.7    -45.8    -45.8    -45.8    -45.8    -45.8    -45.8    -45.8    -45.8    -45.8   
 -45.9    -45.9    -45.9    -45.9    -45.8    -45.9    -45.9    -45.8    -45.9    -45.9    -45.8    -45.9    -45.9    -45.8    -45.8    -45.9    -45.7    -45.9    -45.9    -45.9    -45.9    -45.9    -45.9    -45.9    -45.9    -45.9   
 -46      -46      -46      -45.9    -45.9    -46      -46      -46      -46      -46      -46      -46      -46      -46      -46      -46      -45.8    -46      -46      -46      -46      -46      -46      -46      -46      -46     
 -46.3    -46.3    -46.3    -46.2    -46.2    -46.3    -46.3    -46.2    -46.3    -46.3    -46.2    -46.3    -46.3    -46.2    -46.2    -46.3    -46.1    -46.2    -46.2    -46.2    -46.2    -46.2    -46.2    -46.2    -46.2    -46.2   
 -45.8    -45.8    -45.8    -45.7    -45.7    -45.8    -45.8    -45.8    -45.8    -45.8    -45.8    -45.8    -45.8    -45.8    -45.8    -45.8    -45.6    -45.8    -45.9    -45.9    -45.9    -45.9    -45.9    -45.9    -45.9    -45.9   
 -46.3    -46.3    -46.3    -46.2    -46.2    -46.3    -46.3    -46.2    -46.3    -46.3    -46.2    -46.3    -46.3    -46.2    -46.2    -46.3    -46.1    -46.2    -46.2    -46.2    -46.2    -46.2    -46.2    -46.2    -46.2    -46.2   
 -45.7    -45.7    -45.7    -45.6    -45.6    -45.7    -45.7    -45.7    -45.7    -45.7    -45.7    -45.7    -45.7    -45.7    -45.7    -45.7    -45.5    -45.8    -45.9    -45.9    -45.9    -45.9    -45.9    -45.9    -45.9    -45.9   
 -46      -46      -46      -45.9    -45.8    -45.9    -45.9    -45.9    -46      -45.9    -45.9    -45.9    -45.9    -45.9    -45.9    -46      -45.7    -45.9    -45.9    -45.9    -45.9    -45.9    -45.9    -45.9    -45.9    -45.9   
 -46.1    -46.1    -46.1    -46      -46      -46.1    -46.1    -46      -46.1    -46.1    -46      -46.1    -46.1    -46      -46      -46.1    -46      -46      -46      -46      -46      -46      -46      -46      -46      -46     
 -46      -46      -46      -45.9    -45.8    -45.9    -45.9    -45.9    -46      -45.9    -45.9    -45.9    -45.9    -45.9    -45.9    -46      -45.7    -45.9    -45.9    -45.9    -45.9    -45.9    -45.9    -45.9    -45.9    -45.9   
 -46      -46      -46      -45.9    -45.9    -45.9    -46      -45.9    -46      -45.9    -45.9    -45.9    -45.9    -45.9    -45.9    -46      -45.8    -46      -46      -46      -46      -46      -46      -46      -46      -46     
 -46.1    -46.1    -46.1    -46      -46      -46.1    -46.1    -46      -46.1    -46.1    -46      -46.1    -46.1    -46      -46      -46.1    -45.9    -46      -46      -46      -46      -46      -46      -46      -46      -46     
 -46.3    -46.3    -46.3    -46.2    -46.2    -46.3    -46.3    -46.2    -46.3    -46.3    -46.2    -46.3    -46.3    -46.2    -46.2    -46.3    -46.1    -46.3    -46.3    -46.3    -46.3    -46.3    -46.3    -46.3    -46.3    -46.3   
 -46.1    -46.1    -46.1    -45.9    -46      -46      -46      -46      -46.1    -46      -46      -46      -46      -46      -46      -46.1    -45.9    -46.1    -46.1    -46.1    -46.1    -46.1    -46.1    -46.1    -46.1    -46.1   
 -45.8    -45.8    -45.8    -45.7    -45.7    -45.8    -45.8    -45.8    -45.8    -45.8    -45.8    -45.8    -45.8    -45.8    -45.8    -45.8    -45.6    -45.8    -45.9    -45.9    -45.9    -45.9    -45.9    -45.9    -45.9    -45.9   
 -45.5    -45.5    -45.5    -45.4    -45.4    -45.5    -45.5    -45.5    -45.5    -45.5    -45.5    -45.5    -45.5    -45.5    -45.5    -45.5    -45.3    -45.5    -45.5    -45.5    -45.5    -45.5    -45.5    -45.5    -45.5    -45.5   
 -46.1    -46.1    -46.1    -45.9    -46      -46      -46.1    -46      -46.1    -46      -46      -46      -46      -46      -46      -46.1    -45.9    -46      -46      -46      -46      -46      -46      -46      -46      -46     
 -45.8    -45.8    -45.8    -45.7    -45.6    -45.7    -45.8    -45.7    -45.8    -45.7    -45.7    -45.7    -45.7    -45.7    -45.7    -45.8    -45.6    -45.7    -45.7    -45.7    -45.7    -45.7    -45.7    -45.7    -45.7    -45.7   
 -46.1    -46.1    -46.1    -45.9    -46      -46      -46.1    -46      -46.1    -46      -46      -46      -46      -46      -46      -46.1    -45.9    -46      -46      -46      -46      -46      -46      -46      -46      -46     
 -46.1    -46.1    -46.1    -45.9    -46      -46      -46      -46      -46.1    -46      -46      -46      -46      -46      -46      -46.1    -45.9    -46.1    -46.1    -46.1    -46.1    -46.1    -46.1    -46.1    -46.1    -46.1   
 -46.1    -46.1    -46.1    -45.9    -46      -46      -46.1    -46      -46.1    -46      -46      -46      -46      -46      -46      -46.1    -45.9    -46      -46      -46      -46      -46      -46      -46      -46      -46     
 -46.1    -46.1    -46.1    -45.9    -46      -46      -46.1    -46      -46.1    -46      -46      -46      -46      -46      -46      -46.1    -45.9    -46      -46      -46      -46      -46      -46      -46      -46      -46     
 -46.2    -46.2    -46.2    -46.1    -46.2    -46.2    -46.2    -46.2    -46.2    -46.2    -46.2    -46.2    -46.2    -46.2    -46.2    -46.3    -46      -46.2    -46.2    -46.2    -46.2    -46.2    -46.2    -46.2    -46.2    -46.2   
 -46.1    -46.1    -46.1    -46      -46.1    -46.1    -46.1    -46.1    -46.1    -46.1    -46.1    -46.1    -46.1    -46.1    -46.1    -46.2    -45.9    -46.1    -46.1    -46.1    -46.1    -46.1    -46.1    -46.1    -46.1    -46.1   
 -46      -46      -46      -45.6    -45.6    -45.9    -45.9    -45.6    -46      -45.9    -45.6    -45.8    -45.9    -45.6    -45.6    -46      -45.5    -45.6    -45.6    -45.6    -45.6    -45.6    -45.6    -45.6    -45.6    -45.6   
 -45.9    -46      -45.9    -45.6    -45.6    -45.9    -45.9    -45.6    -45.9    -45.9    -45.6    -45.8    -45.9    -45.6    -45.6    -45.9    -45.5    -45.6    -45.6    -45.6    -45.6    -45.6    -45.6    -45.6    -45.6    -45.6   
 -46.2    -46.2    -46.2    -46.1    -46.1    -46.2    -46.2    -46.2    -46.2    -46.2    -46.2    -46.2    -46.2    -46.2    -46.2    -46.3    -46.1    -46.2    -46.2    -46.2    -46.2    -46.2    -46.2    -46.2    -46.2    -46.2   
 -46.1    -46.1    -46.1    -45.9    -46      -46      -46      -46      -46.1    -46      -46      -46      -46      -46      -46      -46.1    -45.9    -46.1    -46.1    -46.1    -46.1    -46.1    -46.1    -46.1    -46.1    -46.1   
 -46.3    -46.3    -46.3    -46.2    -46.2    -46.3    -46.3    -46.2    -46.3    -46.3    -46.2    -46.3    -46.3    -46.2    -46.2    -46.3    -46.1    -46.3    -46.3    -46.3    -46.3    -46.3    -46.3    -46.3    -46.3    -46.3   
 -46.2    -46.2    -46.1    -46      -46.1    -46.1    -46.1    -46.1    -46.1    -46.1    -46.1    -46.1    -46.1    -46.1    -46.1    -46.2    -46      -46.2    -46.2    -46.2    -46.2    -46.2    -46.2    -46.2    -46.2    -46.2   
 -46.3    -46.3    -46.3    -46.2    -46.2    -46.3    -46.3    -46.2    -46.3    -46.3    -46.2    -46.3    -46.3    -46.2    -46.2    -46.3    -46.1    -46.3    -46.3    -46.3    -46.3    -46.3    -46.3    -46.3    -46.3    -46.3   
 -45.7    -45.7    -45.7    -45.6    -45.6    -45.7    -45.7    -45.7    -45.7    -45.7    -45.7    -45.7    -45.7    -45.7    -45.7    -45.7    -45.5    -45.7    -45.7    -45.7    -45.7    -45.7    -45.7    -45.7    -45.7    -45.7   
 -45.7    -45.7    -45.7    -45.6    -45.6    -45.7    -45.7    -45.7    -45.7    -45.7    -45.7    -45.7    -45.7    -45.7    -45.7    -45.7    -45.5    -45.7    -45.7    -45.7    -45.7    -45.7    -45.7    -45.7    -45.7    -45.7   
 -45.9    -45.9    -45.9    -45.6    -45.6    -45.8    -45.9    -45.6    -45.9    -45.8    -45.6    -45.7    -45.8    -45.6    -45.6    -45.9    -45.5    -45.6    -45.6    -45.6    -45.6    -45.6    -45.6    -45.6    -45.6    -45.6   
 -46.3    -46.3    -46.3    -46.2    -46.2    -46.3    -46.3    -46.2    -46.3    -46.3    -46.2    -46.2    -46.3    -46.2    -46.2    -46.3    -46.1    -46.2    -46.2    -46.2    -46.2    -46.2    -46.2    -46.2    -46.2    -46.2   
 -45.9    -46      -45.9    -45.6    -45.6    -45.9    -45.9    -45.6    -45.9    -45.9    -45.6    -45.8    -45.9    -45.6    -45.6    -45.9    -45.5    -45.6    -45.6    -45.6    -45.6    -45.6    -45.6    -45.6    -45.6    -45.6   
 -45.9    -45.9    -45.9    -45.5    -45.5    -45.8    -45.8    -45.5    -45.9    -45.8    -45.5    -45.7    -45.8    -45.5    -45.5    -45.9    -45.4    -45.6    -45.6    -45.6    -45.6    -45.6    -45.6    -45.6    -45.6    -45.6   
 -45.8    -45.8    -45.8    -45.6    -45.7    -45.7    -45.7    -45.7    -45.8    -45.7    -45.7    -45.7    -45.7    -45.7    -45.7    -45.8    -45.6    -45.7    -45.7    -45.7    -45.7    -45.7    -45.7    -45.7    -45.7    -45.7   
 -45.9    -45.9    -45.9    -45.8    -45.8    -45.8    -45.9    -45.8    -45.9    -45.8    -45.8    -45.8    -45.8    -45.8    -45.8    -45.9    -45.7    -45.8    -45.9    -45.9    -45.9    -45.9    -45.9    -45.9    -45.9    -45.9   
 -46.1    -46.1    -46.1    -46      -46.1    -46.1    -46.1    -46.1    -46.1    -46.1    -46.1    -46.1    -46.1    -46.1    -46.1    -46.2    -45.9    -46.1    -46.1    -46.1    -46.1    -46.1    -46.1    -46.1    -46.1    -46.1   
 -45.8    -45.8    -45.8    -45.6    -45.7    -45.7    -45.7    -45.7    -45.8    -45.7    -45.7    -45.7    -45.7    -45.7    -45.7    -45.8    -45.6    -45.7    -45.7    -45.7    -45.7    -45.7    -45.7    -45.7    -45.7    -45.7   
 -45.9    -45.9    -45.9    -45.8    -45.8    -45.8    -45.9    -45.8    -45.9    -45.8    -45.8    -45.8    -45.8    -45.8    -45.8    -45.9    -45.7    -45.8    -45.9    -45.9    -45.9    -45.9    -45.9    -45.9    -45.9    -45.9   
 -46.1    -46.1    -46.1    -45.9    -46      -46      -46.1    -46      -46.1    -46      -46      -46      -46      -46      -46      -46.1    -45.9    -46      -46.1    -46.1    -46.1    -46.1    -46.1    -46.1    -46.1    -46.1   
 -46      -46      -46      -45.9    -45.9    -45.9    -46      -45.9    -46      -45.9    -45.9    -45.9    -45.9    -45.9    -45.9    -46      -45.8    -46      -46      -46      -46      -46      -46      -46      -46      -46     
 -45.9    -45.9    -45.9    -45.8    -45.8    -45.8    -45.9    -45.8    -45.9    -45.8    -45.8    -45.8    -45.8    -45.8    -45.8    -45.9    -45.7    -45.8    -45.9    -45.9    -45.9    -45.9    -45.9    -45.9    -45.9    -45.9   
 -45.9    -45.9    -45.9    -45.8    -45.8    -45.9    -45.9    -45.9    -45.9    -45.9    -45.9    -45.9    -45.9    -45.9    -45.9    -45.9    -45.7    -45.9    -45.9    -45.9    -45.9    -45.9    -45.9    -45.9    -45.9    -45.9   
