 -46.4    -46.4    -46.4    -46.4    -46.4    -46.4    -46.1    -46.4    -46.4    -46.4    -46.3    -46.1    -46.4    -46.4    -46.3    -46.1    -46.1    -46.4    -46      -46.3    -46.4    -46.1    -46.1    -46.2    -46.4    -46.1    -46.1    -46      -46.4    -46.1    -46.4    -46.4    -46.4    -46.4    -46.4    -46.1    -46      -46.4    -46.2    -46.1    -46.1    -46.3    -46      -46.1    -46.1    -46.1    -46.1    -46      -46.1    -46      -46.1    -45.9    -46.1    -46.1    -46.3    -46.3    -46.1    -46.1    -46.1    -46.1    -46.1    -46.1    -46.1    -46.1    -46.1   
 -46.4    -46.4    -46.4    -46.4    -46.4    -46.4    -46.1    -46.4    -46.4    -46.4    -46.3    -46.1    -46.4    -46.4    -46.3    -46.1    -46.1    -46.4    -46      -46.3    -46.4    -46.1    -46.1    -46.2    -46.4    -46.1    -46.1    -46      -46.4    -46.1    -46.4    -46.4    -46.4    -46.4    -46.4    -46.1    -46      -46.4    -46.2    -46.1    -46.1    -46.3    -46      -46.1    -46.1    -46.1    -46.1    -46      -46.1    -46      -46.1    -45.9    -46.1    -46.1    -46.3    -46.3    -46.1    -46.1    -46.1    -46.1    -46.1    -46.1    -46.1    -46.1    -46.1   
 -46.4    -46.4    -46.4    -46.4    -46.4    -46.4    -46.1    -46.4    -46.4    -46.4    -46.3    -46.1    -46.4    -46.4    -46.4    -46.1    -46.1    -46.4    -46.1    -46.4    -46.4    -46.1    -46.1    -46.3    -46.4    -46.1    -46.1    -46      -46.4    -46.1    -46.4    -46.4    -46.4    -46.4    -46.4    -46.1    -46      -46.4    -46.3    -46.1    -46.1    -46.3    -46      -46.1    -46.1    -46.1    -46.1    -46      -46.1    -46      -46.1    -45.9    -46.1    -46.1    -46.3    -46.3    -46.1    -46.1    -46.1    -46.1    -46.1    -46.1    -46.1    -46.1    -46.1   
 -46.3    -46.3    -46.3    -46.3    -46.3    -46.3    -46.3    -46.3    -46.3    -46.3    -46.3    -46.3    -46.3    -46.3    -46.3    -46.3    -46.2    -46.3    -46.2    -46.3    -46.3    -46.2    -46.2    -46.3    -46.3    -46.2    -46.2    -46.1    -46.3    -46.2    -46.3    -46.3    -46.3    -46.3    -46.3    -46.2    -46.1    -46.3    -46.3    -46.2    -46.2    -46.3    -46.1    -46.2    -46.2    -46.2    -46.2    -46.1    -46.2    -46.1    -46.2    -46      -46.2    -46.2    -46.3    -46.3    -46.2    -46.2    -46.2    -46.2    -46.2    -46.2    -46.2    -46.2    -46.2   
 -46.4    -46.4    -46.4    -46.4    -46.4    -46.4    -46.2    -46.4    -46.4    -46.4    -46.3    -46.2    -46.4    -46.4    -46.3    -46.2    -46.3    -46.4    -46.2    -46.3    -46.4    -46.3    -46.3    -46.3    -46.4    -46.3    -46.3    -46.2    -46.4    -46.3    -46.4    -46.4    -46.4    -46.4    -46.4    -46.3    -46.1    -46.4    -46.3    -46.3    -46.3    -46.3    -46.1    -46.3    -46.3    -46.3    -46.3    -46.1    -46.3    -46.1    -46.3    -46.1    -46.3    -46.3    -46.3    -46.3    -46.3    -46.3    -46.3    -46.3    -46.3    -46.3    -46.3    -46.3    -46.3   
 -46.4    -46.4    -46.4    -46.4    -46.4    -46.4    -46.1    -46.4    -46.4    -46.4    -46.4    -46.1    -46.4    -46.4    -46.4    -46.1    -46.1    -46.4    -46.1    -46.4    -46.4    -46.1    -46.1    -46.3    -46.4    -46.1    -46.1    -46      -46.4    -46.1    -46.4    -46.4    -46.4    -46.4    -46.4    -46.1    -46      -46.4    -46.3    -46.1    -46.1    -46.4    -46      -46.1    -46.1    -46.1    -46.1    -46      -46.1    -46      -46.1    -45.9    -46.1    -46.1    -46.4    -46.4    -46.1    -46.1    -46.1    -46.1    -46.1    -46.1    -46.1    -46.1    -46.1   
 -46.4    -46.4    -46.4    -46.4    -46.4    -46.4    -46.1    -46.4    -46.4    -46.4    -46.3    -46.1    -46.4    -46.4    -46.4    -46.1    -46.1    -46.4    -46.1    -46.4    -46.4    -46.1    -46.1    -46.2    -46.4    -46.1    -46.1    -46      -46.4    -46.1    -46.4    -46.4    -46.4    -46.4    -46.4    -46.1    -46      -46.4    -46.2    -46.1    -46.1    -46.3    -46      -46.1    -46.1    -46.1    -46.1    -46      -46.1    -46      -46.1    -45.9    -46.1    -46.1    -46.3    -46.3    -46.1    -46.1    -46.1    -46.1    -46.1    -46.1    -46.1    -46.1    -46.1   
 -46.3    -46.3    -46.3    -46.3    -46.3    -46.3    -46.2    -46.3    -46.3    -46.3    -46.3    -46.2    -46.3    -46.3    -46.3    -46.2    -46.2    -46.3    -46.2    -46.3    -46.3    -46.2    -46.3    -46.3    -46.3    -46.3    -46.3    -46.1    -46.3    -46.3    -46.3    -46.3    -46.3    -46.3    -46.3    -46.3    -46.1    -46.3    -46.3    -46.3    -46.3    -46.3    -46.1    -46.3    -46.3    -46.3    -46.3    -46.1    -46.3    -46.1    -46.3    -46      -46.3    -46.3    -46.3    -46.3    -46.3    -46.3    -46.3    -46.3    -46.3    -46.3    -46.3    -46.3    -46.3   
 -46.3    -46.3    -46.3    -46.3    -46.3    -46.3    -46      -46.3    -46.3    -46.3    -46.3    -46      -46.3    -46.3    -46.3    -46      -46.1    -46.3    -46      -46.3    -46.3    -46      -46.1    -46.2    -46.3    -46      -46      -45.9    -46.4    -46      -46.3    -46.3    -46.4    -46.3    -46.4    -46.1    -45.9    -46.3    -46.2    -46.1    -46      -46.3    -45.9    -46.1    -46.1    -46.1    -46.1    -45.9    -46.1    -45.9    -46.1    -45.9    -46.1    -46.1    -46.3    -46.3    -46.1    -46.1    -46.1    -46.1    -46.1    -46.1    -46.1    -46.1    -46.1   
 -46.4    -46.4    -46.4    -46.4    -46.4    -46.4    -46.1    -46.4    -46.4    -46.4    -46.3    -46.1    -46.3    -46.4    -46.3    -46.1    -46.1    -46.3    -46.1    -46.3    -46.3    -46.1    -46.1    -46.3    -46.4    -46.1    -46.1    -46      -46.4    -46.1    -46.4    -46.4    -46.4    -46.4    -46.4    -46.1    -46      -46.4    -46.3    -46.1    -46.1    -46.4    -46      -46.1    -46.1    -46.1    -46.1    -46      -46.1    -46      -46.1    -45.9    -46.1    -46.1    -46.4    -46.4    -46.1    -46.1    -46.1    -46.1    -46.1    -46.1    -46.1    -46.1    -46.1   
 -46.3    -46.3    -46.3    -46.3    -46.3    -46.3    -46.2    -46.3    -46.3    -46.3    -46.3    -46.2    -46.3    -46.3    -46.3    -46.2    -46.2    -46.3    -46.2    -46.3    -46.3    -46.2    -46.2    -46.2    -46.3    -46.3    -46.3    -46.1    -46.3    -46.2    -46.3    -46.3    -46.3    -46.3    -46.3    -46.2    -46.1    -46.3    -46.2    -46.2    -46.3    -46.3    -46.1    -46.2    -46.2    -46.2    -46.2    -46.1    -46.2    -46.1    -46.2    -46      -46.2    -46.2    -46.3    -46.3    -46.2    -46.2    -46.2    -46.2    -46.2    -46.2    -46.2    -46.2    -46.2   
 -46.3    -46.3    -46.3    -46.3    -46.3    -46.3    -46      -46.3    -46.3    -46.3    -46.2    -46      -46.3    -46.3    -46.2    -46      -46.1    -46.3    -46      -46.2    -46.3    -46      -46.1    -46.4    -46.3    -46.1    -46.1    -46      -46.3    -46.1    -46.3    -46.3    -46.3    -46.3    -46.3    -46.1    -45.9    -46.3    -46.4    -46.1    -46.1    -46.2    -45.9    -46.1    -46.1    -46.1    -46.1    -45.9    -46.1    -45.9    -46.1    -45.9    -46.1    -46.1    -46.2    -46.2    -46.1    -46.1    -46.1    -46.1    -46.1    -46.1    -46.1    -46.1    -46.1   
 -46.4    -46.4    -46.4    -46.4    -46.4    -46.4    -46.1    -46.4    -46.4    -46.4    -46.3    -46.1    -46.4    -46.4    -46.3    -46.1    -46.1    -46.4    -46.1    -46.3    -46.4    -46.1    -46.1    -46.3    -46.4    -46.1    -46.1    -46      -46.4    -46.1    -46.4    -46.4    -46.4    -46.4    -46.4    -46.1    -46      -46.4    -46.3    -46.1    -46.1    -46.4    -46      -46.1    -46.1    -46.1    -46.1    -46      -46.1    -46      -46.1    -45.9    -46.1    -46.1    -46.4    -46.4    -46.1    -46.1    -46.1    -46.1    -46.1    -46.1    -46.1    -46.1    -46.1   
 -46.3    -46.3    -46.3    -46.3    -46.3    -46.3    -46.2    -46.3    -46.3    -46.3    -46.3    -46.2    -46.3    -46.3    -46.3    -46.2    -46.2    -46.3    -46.2    -46.3    -46.3    -46.2    -46.2    -46.2    -46.3    -46.3    -46.3    -46.1    -46.3    -46.2    -46.3    -46.3    -46.3    -46.3    -46.3    -46.2    -46.1    -46.3    -46.2    -46.2    -46.3    -46.3    -46.1    -46.2    -46.2    -46.2    -46.2    -46.1    -46.2    -46.1    -46.2    -46      -46.2    -46.2    -46.3    -46.3    -46.2    -46.2    -46.2    -46.2    -46.2    -46.2    -46.2    -46.2    -46.2   
 -46.3    -46.3    -46.3    -46.3    -46.3    -46.3    -46.2    -46.3    -46.3    -46.3    -46.3    -46.2    -46.3    -46.3    -46.3    -46.2    -46.2    -46.3    -46.2    -46.3    -46.3    -46.2    -46.2    -46.2    -46.3    -46.3    -46.3    -46.1    -46.3    -46.2    -46.3    -46.3    -46.3    -46.3    -46.3    -46.2    -46.1    -46.3    -46.2    -46.2    -46.3    -46.3    -46.1    -46.2    -46.2    -46.2    -46.2    -46.1    -46.2    -46.1    -46.2    -46      -46.2    -46.2    -46.3    -46.3    -46.2    -46.2    -46.2    -46.2    -46.2    -46.2    -46.2    -46.2    -46.2   
 -46.3    -46.3    -46.3    -46.3    -46.3    -46.3    -46      -46.3    -46.3    -46.3    -46.2    -46      -46.3    -46.3    -46.2    -46      -46      -46.3    -46      -46.2    -46.3    -46      -46      -46.1    -46.4    -46      -46      -45.9    -46.3    -46      -46.4    -46.4    -46.3    -46.4    -46.3    -46      -45.9    -46.4    -46.1    -46      -46      -46.2    -45.9    -46      -46      -46      -46      -45.9    -46      -45.9    -46      -45.8    -46      -46      -46.2    -46.2    -46      -46      -46      -46      -46      -46      -46      -46      -46     
 -46.4    -46.4    -46.4    -46.4    -46.4    -46.4    -46.3    -46.4    -46.4    -46.4    -46.4    -46.3    -46.4    -46.4    -46.4    -46.3    -46.3    -46.4    -46.3    -46.4    -46.4    -46.3    -46.3    -46.4    -46.4    -46.3    -46.3    -46.2    -46.4    -46.3    -46.4    -46.4    -46.4    -46.4    -46.4    -46.3    -46.2    -46.4    -46.4    -46.3    -46.3    -46.4    -46.2    -46.3    -46.3    -46.3    -46.3    -46.2    -46.3    -46.2    -46.3    -46.1    -46.3    -46.3    -46.4    -46.4    -46.3    -46.3    -46.3    -46.3    -46.3    -46.3    -46.3    -46.3    -46.3   
 -46.3    -46.3    -46.3    -46.3    -46.3    -46.3    -46.2    -46.3    -46.3    -46.3    -46.3    -46.2    -46.3    -46.3    -46.3    -46.2    -46.2    -46.3    -46.2    -46.3    -46.3    -46.2    -46.3    -46.3    -46.3    -46.3    -46.3    -46.1    -46.3    -46.3    -46.3    -46.3    -46.3    -46.3    -46.3    -46.3    -46.1    -46.3    -46.3    -46.3    -46.3    -46.3    -46.1    -46.3    -46.3    -46.3    -46.3    -46.1    -46.3    -46.1    -46.3    -46      -46.3    -46.3    -46.3    -46.3    -46.3    -46.3    -46.3    -46.3    -46.3    -46.3    -46.3    -46.3    -46.3   
 -46.3    -46.3    -46.3    -46.3    -46.3    -46.3    -46.1    -46.3    -46.3    -46.3    -46.2    -46.1    -46.3    -46.3    -46.3    -46.1    -46.2    -46.3    -46.1    -46.3    -46.3    -46.2    -46.2    -46.2    -46.3    -46.2    -46.2    -46.1    -46.3    -46.2    -46.3    -46.3    -46.3    -46.3    -46.3    -46.2    -46.1    -46.3    -46.2    -46.2    -46.2    -46.2    -46.1    -46.2    -46.2    -46.2    -46.3    -46.1    -46.2    -46.1    -46.2    -46      -46.3    -46.3    -46.2    -46.2    -46.3    -46.3    -46.3    -46.3    -46.3    -46.3    -46.3    -46.3    -46.3   
 -46.3    -46.3    -46.3    -46.3    -46.3    -46.3    -46.1    -46.3    -46.3    -46.3    -46.2    -46.1    -46.3    -46.3    -46.3    -46.1    -46.2    -46.3    -46.1    -46.3    -46.3    -46.2    -46.2    -46.2    -46.3    -46.2    -46.2    -46.1    -46.3    -46.2    -46.3    -46.3    -46.3    -46.3    -46.3    -46.2    -46.1    -46.3    -46.2    -46.2    -46.2    -46.2    -46.1    -46.2    -46.2    -46.2    -46.3    -46.1    -46.2    -46.1    -46.2    -46      -46.3    -46.3    -46.2    -46.2    -46.3    -46.3    -46.3    -46.3    -46.3    -46.3    -46.3    -46.3    -46.3   
 -46.3    -46.3    -46.3    -46.3    -46.3    -46.3    -46.1    -46.3    -46.3    -46.3    -46.2    -46.1    -46.3    -46.3    -46.3    -46.1    -46.2    -46.3    -46.1    -46.3    -46.3    -46.2    -46.2    -46.2    -46.3    -46.2    -46.2    -46.1    -46.3    -46.2    -46.3    -46.3    -46.3    -46.3    -46.3    -46.2    -46.1    -46.3    -46.2    -46.2    -46.2    -46.2    -46.1    -46.2    -46.2    -46.2    -46.3    -46.1    -46.2    -46.1    -46.2    -46      -46.3    -46.3    -46.2    -46.2    -46.3    -46.3    -46.3    -46.3    -46.3    -46.3    -46.3    -46.3    -46.3   
 -46.3    -46.3    -46.3    -46.3    -46.3    -46.3    -46.1    -46.3    -46.3    -46.3    -46.2    -46.1    -46.2    -46.3    -46.2    -46.1    -46.1    -46.2    -46.1    -46.2    -46.2    -46.2    -46.2    -46.2    -46.3    -46.2    -46.2    -46.1    -46.2    -46.2    -46.3    -46.3    -46.2    -46.3    -46.2    -46.2    -46      -46.3    -46.2    -46.2    -46.2    -46.2    -46      -46.2    -46.2    -46.2    -46.2    -46      -46.2    -46      -46.2    -46      -46.2    -46.2    -46.2    -46.2    -46.3    -46.3    -46.3    -46.2    -46.3    -46.3    -46.3    -46.3    -46.3   
 -46.3    -46.3    -46.3    -46.3    -46.3    -46.3    -46.1    -46.3    -46.3    -46.3    -46.2    -46.1    -46.2    -46.3    -46.2    -46.1    -46.1    -46.2    -46.1    -46.2    -46.2    -46.2    -46.2    -46.2    -46.3    -46.2    -46.2    -46.1    -46.3    -46.2    -46.3    -46.3    -46.3    -46.3    -46.3    -46.2    -46      -46.3    -46.2    -46.2    -46.2    -46.2    -46      -46.2    -46.2    -46.2    -46.2    -46      -46.2    -46      -46.2    -46      -46.2    -46.2    -46.2    -46.2    -46.3    -46.3    -46.3    -46.2    -46.3    -46.3    -46.3    -46.3    -46.3   
 -46.2    -46.2    -46.2    -46.2    -46.2    -46.2    -46.1    -46.2    -46.2    -46.2    -46.2    -46.1    -46.2    -46.2    -46.2    -46.1    -46.1    -46.2    -46.1    -46.2    -46.2    -46.1    -46.2    -46.2    -46.2    -46.2    -46.2    -46      -46.2    -46.2    -46.2    -46.2    -46.2    -46.2    -46.2    -46.2    -46      -46.2    -46.2    -46.2    -46.2    -46.2    -46      -46.2    -46.2    -46.2    -46.2    -46      -46.2    -46      -46.2    -45.9    -46.2    -46.2    -46.2    -46.2    -46.2    -46.2    -46.2    -46.2    -46.3    -46.3    -46.3    -46.3    -46.3   
 -46.2    -46.2    -46.2    -46.2    -46.2    -46.2    -46.1    -46.2    -46.2    -46.2    -46.2    -46.1    -46.2    -46.2    -46.2    -46.1    -46.1    -46.2    -46.1    -46.2    -46.2    -46.1    -46.2    -46.2    -46.2    -46.2    -46.2    -46      -46.2    -46.2    -46.2    -46.2    -46.2    -46.2    -46.2    -46.2    -46      -46.2    -46.2    -46.2    -46.2    -46.2    -46      -46.2    -46.2    -46.2    -46.2    -46      -46.2    -46      -46.2    -45.9    -46.2    -46.2    -46.2    -46.2    -46.2    -46.2    -46.2    -46.2    -46.3    -46.3    -46.3    -46.3    -46.3   
 -46.2    -46.2    -46.2    -46.2    -46.2    -46.2    -46.1    -46.2    -46.2    -46.2    -46.2    -46.1    -46.2    -46.2    -46.2    -46.1    -46.1    -46.2    -46.1    -46.2    -46.2    -46.1    -46.2    -46.2    -46.2    -46.2    -46.2    -46      -46.2    -46.2    -46.2    -46.2    -46.2    -46.2    -46.2    -46.2    -46      -46.2    -46.2    -46.2    -46.2    -46.2    -46      -46.2    -46.2    -46.2    -46.2    -46      -46.2    -46      -46.2    -45.9    -46.2    -46.2    -46.2    -46.2    -46.2    -46.2    -46.2    -46.2    -46.3    -46.3    -46.3    -46.3    -46.3   
 -46.3    -46.3    -46.3    -46.3    -46.3    -46.3    -46      -46.3    -46.3    -46.3    -46.2    -46      -46.3    -46.3    -46.2    -46      -46.1    -46.3    -46      -46.2    -46.3    -46      -46.1    -46.4    -46.3    -46.1    -46.1    -46      -46.3    -46.1    -46.3    -46.3    -46.3    -46.3    -46.3    -46.1    -45.9    -46.3    -46.4    -46.1    -46.1    -46.2    -45.9    -46.1    -46.1    -46.1    -46.1    -45.9    -46.1    -45.9    -46.1    -45.9    -46.1    -46.1    -46.2    -46.2    -46.1    -46.1    -46.1    -46.1    -46.1    -46.1    -46.1    -46.1    -46.1   
 -46.3    -46.3    -46.3    -46.3    -46.3    -46.3    -46      -46.3    -46.3    -46.3    -46.2    -46      -46.3    -46.3    -46.2    -46      -46.1    -46.3    -46      -46.2    -46.3    -46      -46.1    -46.4    -46.3    -46.1    -46.1    -46      -46.3    -46.1    -46.3    -46.3    -46.3    -46.3    -46.3    -46.1    -45.9    -46.3    -46.4    -46.1    -46.1    -46.2    -45.9    -46.1    -46.1    -46.1    -46.1    -45.9    -46.1    -45.9    -46.1    -45.9    -46.1    -46.1    -46.2    -46.2    -46.1    -46.1    -46.1    -46.1    -46.1    -46.1    -46.1    -46.1    -46.1   
 -46.4    -46.4    -46.4    -46.4    -46.4    -46.4    -46.1    -46.4    -46.4    -46.4    -46.3    -46.1    -46.4    -46.4    -46.4    -46.1    -46.1    -46.4    -46.1    -46.4    -46.4    -46.1    -46.1    -46.2    -46.4    -46.1    -46.1    -46      -46.4    -46.1    -46.4    -46.4    -46.4    -46.4    -46.4    -46.1    -46      -46.4    -46.2    -46.1    -46.1    -46.3    -46      -46.1    -46.1    -46.1    -46.1    -46      -46.1    -46      -46.1    -45.9    -46.1    -46.1    -46.3    -46.3    -46.1    -46.1    -46.1    -46.1    -46.1    -46.1    -46.1    -46.1    -46.1   
 -46.3    -46.3    -46.3    -46.3    -46.3    -46.3    -46      -46.3    -46.3    -46.3    -46.2    -46      -46.3    -46.3    -46.2    -46      -46.1    -46.3    -46      -46.2    -46.3    -46      -46.1    -46.4    -46.3    -46.1    -46.1    -46      -46.3    -46.1    -46.3    -46.3    -46.3    -46.3    -46.3    -46.1    -45.9    -46.3    -46.4    -46.1    -46.1    -46.2    -45.9    -46.1    -46.1    -46.1    -46.1    -45.9    -46.1    -45.9    -46.1    -45.9    -46.1    -46.1    -46.2    -46.2    -46.1    -46.1    -46.1    -46.1    -46.1    -46.1    -46.1    -46.1    -46.1   
 -46.3    -46.3    -46.3    -46.3    -46.3    -46.3    -46.1    -46.3    -46.3    -46.3    -46.3    -46.1    -46.3    -46.3    -46.3    -46.1    -46.1    -46.3    -46      -46.3    -46.3    -46.1    -46.1    -46.4    -46.3    -46.1    -46.1    -46      -46.3    -46.1    -46.3    -46.3    -46.3    -46.3    -46.3    -46.1    -46      -46.3    -46.4    -46.1    -46.1    -46.3    -46      -46.1    -46.1    -46.1    -46.1    -46      -46.1    -46      -46.1    -45.9    -46.1    -46.1    -46.3    -46.3    -46.1    -46.1    -46.1    -46.1    -46.1    -46.1    -46.1    -46.1    -46.1   
 -46.4    -46.4    -46.4    -46.4    -46.4    -46.4    -46.1    -46.4    -46.4    -46.4    -46.3    -46.1    -46.4    -46.4    -46.4    -46.1    -46.1    -46.4    -46.1    -46.4    -46.4    -46.1    -46.1    -46.2    -46.4    -46.1    -46.1    -46      -46.4    -46.1    -46.4    -46.4    -46.4    -46.4    -46.4    -46.1    -46      -46.4    -46.2    -46.1    -46.1    -46.3    -46      -46.1    -46.1    -46.1    -46.1    -46      -46.1    -46      -46.1    -45.9    -46.1    -46.1    -46.3    -46.3    -46.1    -46.1    -46.1    -46.1    -46.1    -46.1    -46.1    -46.1    -46.1   
 -46.4    -46.4    -46.4    -46.4    -46.4    -46.4    -46.1    -46.4    -46.4    -46.4    -46.3    -46.1    -46.4    -46.4    -46.4    -46.1    -46.1    -46.4    -46.1    -46.4    -46.4    -46.1    -46.1    -46.2    -46.4    -46.1    -46.1    -46      -46.4    -46.1    -46.4    -46.4    -46.4    -46.4    -46.4    -46.1    -46      -46.4    -46.2    -46.1    -46.1    -46.3    -46      -46.1    -46.1    -46.1    -46.1    -46      -46.1    -46      -46.1    -45.9    -46.1    -46.1    -46.3    -46.3    -46.1    -46.1    -46.1    -46.1    -46.1    -46.1    -46.1    -46.1    -46.1   
 -46.3    -46.3    -46.3    -46.3    -46.3    -46.3    -46      -46.3    -46.3    -46.3    -46.2    -46      -46.2    -46.3    -46.2    -46      -46.1    -46.2    -46      -46.2    -46.2    -46      -46.1    -46.4    -46.3    -46.1    -46.1    -46      -46.3    -46.1    -46.3    -46.3    -46.3    -46.3    -46.3    -46.1    -45.9    -46.3    -46.4    -46.1    -46.1    -46.2    -45.9    -46.1    -46.1    -46.1    -46.1    -45.9    -46.1    -45.9    -46.1    -45.9    -46.1    -46.1    -46.2    -46.2    -46.1    -46.1    -46.1    -46.1    -46.1    -46.1    -46.1    -46.1    -46.1   
 -46.4    -46.4    -46.4    -46.4    -46.4    -46.4    -46.1    -46.4    -46.4    -46.4    -46.3    -46.1    -46.4    -46.4    -46.4    -46.1    -46.1    -46.4    -46.1    -46.4    -46.4    -46.1    -46.1    -46.2    -46.4    -46.1    -46.1    -46      -46.4    -46.1    -46.4    -46.4    -46.4    -46.4    -46.4    -46.1    -46      -46.4    -46.2    -46.1    -46.1    -46.3    -46      -46.1    -46.1    -46.1    -46.1    -46      -46.1    -46      -46.1    -45.9    -46.1    -46.1    -46.3    -46.3    -46.1    -46.1    -46.1    -46.1    -46.1    -46.1    -46.1    -46.1    -46.1   
 -46.4    -46.4    -46.4    -46.4    -46.4    -46.3    -46      -46.3    -46.3    -46.3    -46.3    -46      -46.3    -46.3    -46.3    -46      -46.1    -46.3    -46      -46.3    -46.3    -46      -46      -46.2    -46.3    -46      -46      -45.9    -46.3    -46      -46.3    -46.3    -46.3    -46.3    -46.3    -46      -45.9    -46.3    -46.2    -46      -46      -46.3    -45.9    -46      -46      -46      -46.1    -45.9    -46      -45.9    -46      -45.8    -46      -46.1    -46.3    -46.3    -46.1    -46.1    -46.1    -46.1    -46.1    -46.1    -46.1    -46.1    -46.1   
 -46.4    -46.4    -46.4    -46.4    -46.4    -46.4    -46.1    -46.4    -46.4    -46.4    -46.3    -46.1    -46.4    -46.4    -46.4    -46.1    -46.1    -46.4    -46.1    -46.4    -46.4    -46.1    -46.1    -46.2    -46.4    -46.1    -46.1    -46      -46.4    -46.1    -46.4    -46.4    -46.4    -46.4    -46.4    -46.1    -46      -46.4    -46.2    -46.1    -46.1    -46.3    -46      -46.1    -46.1    -46.1    -46.1    -46      -46.1    -46      -46.1    -45.9    -46.1    -46.1    -46.3    -46.3    -46.1    -46.1    -46.1    -46.1    -46.1    -46.1    -46.1    -46.1    -46.1   
 -46.4    -46.4    -46.4    -46.4    -46.4    -46.3    -46      -46.3    -46.3    -46.3    -46.3    -46      -46.3    -46.3    -46.3    -46      -46.1    -46.3    -46      -46.3    -46.3    -46      -46      -46.2    -46.3    -46      -46      -45.9    -46.3    -46      -46.3    -46.3    -46.3    -46.3    -46.3    -46      -45.9    -46.3    -46.2    -46      -46      -46.3    -45.9    -46      -46      -46      -46.1    -45.9    -46      -45.9    -46      -45.8    -46      -46.1    -46.3    -46.3    -46      -46      -46      -46.1    -46.1    -46.1    -46.1    -46.1    -46.1   
 -46.4    -46.4    -46.4    -46.4    -46.4    -46.3    -46      -46.3    -46.3    -46.3    -46.3    -46      -46.3    -46.3    -46.3    -46      -46      -46.3    -46      -46.3    -46.3    -46      -46      -46.2    -46.3    -46      -46      -45.9    -46.3    -46      -46.3    -46.3    -46.3    -46.3    -46.3    -46      -45.9    -46.3    -46.2    -46      -46      -46.3    -45.9    -46      -46      -46      -46      -45.9    -46      -45.9    -46      -45.8    -46      -46      -46.3    -46.3    -46      -46      -46      -46      -46      -46      -46      -46      -46.1   
 -46.4    -46.4    -46.4    -46.4    -46.4    -46.4    -46.1    -46.4    -46.4    -46.4    -46.3    -46.1    -46.4    -46.4    -46.4    -46.1    -46.1    -46.4    -46.1    -46.4    -46.4    -46.1    -46.1    -46.3    -46.4    -46.1    -46.1    -46      -46.4    -46.1    -46.4    -46.4    -46.4    -46.4    -46.4    -46.1    -46      -46.4    -46.3    -46.1    -46.1    -46.3    -46      -46.1    -46.1    -46.1    -46.1    -46      -46.1    -46      -46.1    -45.9    -46.1    -46.1    -46.3    -46.3    -46.1    -46.1    -46.1    -46.1    -46.1    -46.1    -46.1    -46.1    -46.1   
 -46.4    -46.4    -46.4    -46.4    -46.4    -46.3    -46      -46.3    -46.3    -46.3    -46.3    -46      -46.3    -46.3    -46.3    -46      -46.1    -46.3    -46      -46.3    -46.3    -46      -46      -46.2    -46.3    -46      -46      -45.9    -46.3    -46      -46.3    -46.3    -46.3    -46.3    -46.3    -46      -45.9    -46.3    -46.2    -46      -46      -46.3    -45.9    -46      -46      -46      -46.1    -45.9    -46      -45.9    -46      -45.8    -46      -46.1    -46.3    -46.3    -46      -46      -46      -46.1    -46.1    -46.1    -46.1    -46.1    -46.1   
 -46.3    -46.3    -46.3    -46.3    -46.3    -46.3    -46      -46.3    -46.3    -46.3    -46.3    -46      -46.3    -46.3    -46.3    -46      -46.1    -46.3    -46      -46.3    -46.3    -46      -46      -46.2    -46.3    -46      -46      -45.9    -46.4    -46      -46.3    -46.3    -46.4    -46.3    -46.4    -46      -45.9    -46.3    -46.2    -46      -46      -46.3    -45.9    -46      -46      -46      -46.1    -45.9    -46      -45.9    -46      -45.8    -46      -46.1    -46.3    -46.3    -46.1    -46      -46.1    -46.1    -46.1    -46.1    -46.1    -46.1    -46.1   
 -46.4    -46.4    -46.4    -46.4    -46.4    -46.3    -46      -46.3    -46.3    -46.3    -46.3    -46      -46.3    -46.3    -46.3    -46      -46.1    -46.3    -46      -46.3    -46.3    -46      -46      -46.2    -46.3    -46      -46      -45.9    -46.3    -46      -46.3    -46.3    -46.3    -46.3    -46.3    -46      -45.9    -46.3    -46.2    -46      -46      -46.3    -45.9    -46      -46      -46      -46.1    -45.9    -46      -45.9    -46      -45.8    -46      -46.1    -46.3    -46.3    -46.1    -46.1    -46.1    -46.1    -46.1    -46.1    -46.1    -46.1    -46.1   
 -46.4    -46.4    -46.4    -46.4    -46.4    -46.3    -46      -46.3    -46.3    -46.3    -46.3    -46      -46.3    -46.3    -46.3    -46      -46.1    -46.3    -46      -46.3    -46.3    -46      -46      -46.2    -46.3    -46      -46      -45.9    -46.3    -46      -46.3    -46.3    -46.3    -46.3    -46.3    -46      -45.9    -46.3    -46.2    -46      -46      -46.3    -45.9    -46      -46      -46      -46.1    -45.9    -46      -45.9    -46      -45.8    -46      -46.1    -46.3    -46.3    -46      -46      -46.1    -46.1    -46.1    -46.1    -46.1    -46.1    -46.1   
 -46.3    -46.3    -46.3    -46.3    -46.3    -46.3    -46      -46.3    -46.3    -46.3    -46.3    -46      -46.3    -46.3    -46.3    -46      -46.1    -46.3    -46      -46.3    -46.3    -46      -46      -46.2    -46.3    -46      -46      -45.9    -46.4    -46      -46.3    -46.3    -46.4    -46.3    -46.4    -46      -45.9    -46.3    -46.2    -46      -46      -46.3    -45.9    -46      -46      -46      -46.1    -45.9    -46      -45.9    -46      -45.8    -46      -46.1    -46.3    -46.3    -46.1    -46      -46.1    -46.1    -46.1    -46.1    -46.1    -46.1    -46.1   
 -46.3    -46.3    -46.3    -46.3    -46.3    -46.3    -46      -46.3    -46.3    -46.3    -46.3    -46      -46.3    -46.3    -46.3    -46      -46.1    -46.3    -46      -46.3    -46.3    -46      -46.1    -46.2    -46.3    -46      -46      -45.9    -46.4    -46      -46.4    -46.3    -46.4    -46.3    -46.4    -46.1    -45.9    -46.4    -46.2    -46.1    -46      -46.3    -45.9    -46.1    -46.1    -46.1    -46.1    -45.9    -46.1    -45.9    -46.1    -45.9    -46.1    -46.1    -46.3    -46.3    -46.1    -46.1    -46.1    -46.1    -46.1    -46.1    -46.1    -46.1    -46.1   
 -46.4    -46.4    -46.4    -46.4    -46.4    -46.4    -46.1    -46.4    -46.4    -46.4    -46.4    -46.1    -46.4    -46.4    -46.4    -46.1    -46.1    -46.4    -46.1    -46.4    -46.4    -46.1    -46.1    -46.3    -46.4    -46.1    -46.1    -46      -46.4    -46.1    -46.4    -46.4    -46.4    -46.4    -46.4    -46.1    -46      -46.4    -46.3    -46.1    -46.1    -46.4    -46      -46.1    -46.1    -46.1    -46.1    -46      -46.1    -46      -46.1    -45.9    -46.1    -46.1    -46.4    -46.4    -46.1    -46.1    -46.1    -46.1    -46.1    -46.1    -46.1    -46.2    -46.2   
 -46.2    -46.2    -46.2    -46.2    -46.2    -46.2    -46.1    -46.2    -46.2    -46.2    -46.2    -46.1    -46.2    -46.2    -46.2    -46.1    -46.1    -46.2    -46.1    -46.2    -46.2    -46.1    -46.2    -46.2    -46.2    -46.2    -46.2    -46      -46.2    -46.2    -46.2    -46.2    -46.2    -46.2    -46.2    -46.2    -46      -46.2    -46.2    -46.2    -46.2    -46.2    -46      -46.2    -46.2    -46.2    -46.2    -46      -46.2    -46      -46.2    -45.9    -46.2    -46.2    -46.2    -46.2    -46.2    -46.2    -46.2    -46.2    -46.3    -46.3    -46.3    -46.3    -46.3   
 -46.4    -46.4    -46.4    -46.4    -46.4    -46.4    -46.1    -46.4    -46.4    -46.4    -46.4    -46.1    -46.4    -46.4    -46.4    -46.1    -46.1    -46.4    -46.1    -46.4    -46.4    -46.1    -46.1    -46.3    -46.4    -46.1    -46.1    -46      -46.4    -46.1    -46.4    -46.4    -46.4    -46.4    -46.4    -46.1    -46      -46.4    -46.3    -46.1    -46.1    -46.4    -46      -46.1    -46.1    -46.1    -46.1    -46      -46.1    -46      -46.1    -45.9    -46.1    -46.1    -46.4    -46.4    -46.1    -46.1    -46.1    -46.1    -46.1    -46.1    -46.1    -46.1    -46.1   
 -46.2    -46.2    -46.2    -46.2    -46.2    -46.2    -46.1    -46.2    -46.2    -46.2    -46.2    -46.1    -46.2    -46.2    -46.2    -46.1    -46.1    -46.2    -46.1    -46.2    -46.2    -46.1    -46.2    -46.2    -46.2    -46.2    -46.2    -46      -46.2    -46.2    -46.2    -46.2    -46.2    -46.2    -46.2    -46.2    -46      -46.2    -46.2    -46.2    -46.2    -46.2    -46      -46.2    -46.2    -46.2    -46.2    -46      -46.2    -46      -46.2    -45.9    -46.2    -46.2    -46.2    -46.2    -46.2    -46.2    -46.2    -46.2    -46.3    -46.3    -46.3    -46.3    -46.3   
 -46.3    -46.3    -46.3    -46.3    -46.3    -46.3    -46.1    -46.3    -46.3    -46.3    -46.3    -46.1    -46.3    -46.3    -46.3    -46.1    -46.1    -46.3    -46.1    -46.3    -46.3    -46.1    -46.1    -46.2    -46.3    -46.1    -46.1    -46      -46.3    -46.1    -46.4    -46.3    -46.3    -46.3    -46.3    -46.1    -46      -46.4    -46.2    -46.1    -46.1    -46.4    -46      -46.1    -46.1    -46.1    -46.1    -46      -46.1    -46      -46.1    -45.9    -46.1    -46.1    -46.4    -46.4    -46.1    -46.1    -46.1    -46.1    -46.1    -46.1    -46.1    -46.1    -46.1   
 -46.4    -46.4    -46.4    -46.4    -46.4    -46.4    -46.1    -46.4    -46.4    -46.4    -46.4    -46.1    -46.4    -46.4    -46.4    -46.1    -46.1    -46.4    -46.1    -46.4    -46.4    -46.1    -46.1    -46.3    -46.4    -46.1    -46.1    -46      -46.4    -46.1    -46.4    -46.4    -46.4    -46.4    -46.4    -46.1    -46      -46.4    -46.3    -46.1    -46.1    -46.4    -46      -46.1    -46.1    -46.1    -46.1    -46      -46.1    -46      -46.1    -45.9    -46.1    -46.1    -46.4    -46.4    -46.1    -46.1    -46.1    -46.1    -46.1    -46.1    -46.1    -46.2    -46.2   
 -46.3    -46.3    -46.3    -46.3    -46.3    -46.3    -46.1    -46.3    -46.3    -46.3    -46.3    -46.1    -46.3    -46.3    -46.3    -46.1    -46.1    -46.3    -46.1    -46.3    -46.3    -46.1    -46.1    -46.2    -46.3    -46.1    -46.1    -46      -46.3    -46.1    -46.3    -46.3    -46.3    -46.3    -46.3    -46.1    -46      -46.3    -46.2    -46.1    -46.1    -46.4    -46      -46.1    -46.1    -46.1    -46.1    -46      -46.1    -46      -46.1    -45.9    -46.1    -46.1    -46.4    -46.4    -46.1    -46.1    -46.1    -46.1    -46.1    -46.1    -46.1    -46.1    -46.1   
 -46.4    -46.4    -46.4    -46.4    -46.4    -46.4    -46      -46.4    -46.4    -46.4    -46.3    -46      -46.3    -46.4    -46.3    -46      -46.1    -46.3    -46      -46.3    -46.3    -46      -46.1    -46.2    -46.4    -46.1    -46.1    -46      -46.4    -46.1    -46.4    -46.4    -46.4    -46.4    -46.4    -46.1    -45.9    -46.4    -46.2    -46.1    -46.1    -46.3    -45.9    -46.1    -46.1    -46.1    -46.1    -45.9    -46.1    -45.9    -46.1    -45.9    -46.1    -46.1    -46.3    -46.3    -46.1    -46.1    -46.1    -46.1    -46.1    -46.1    -46.1    -46.1    -46.1   
 -46.4    -46.4    -46.4    -46.4    -46.3    -46.3    -46.1    -46.3    -46.3    -46.3    -46.3    -46.1    -46.3    -46.3    -46.3    -46.1    -46.1    -46.3    -46.1    -46.3    -46.3    -46.1    -46.1    -46.2    -46.4    -46.1    -46.1    -46      -46.3    -46.1    -46.4    -46.4    -46.3    -46.4    -46.3    -46.1    -46      -46.4    -46.2    -46.1    -46.1    -46.4    -46      -46.1    -46.1    -46.1    -46.1    -46      -46.1    -46      -46.1    -45.9    -46.1    -46.1    -46.4    -46.4    -46.1    -46.1    -46.1    -46.1    -46.1    -46.1    -46.1    -46.1    -46.1   
 -46.4    -46.4    -46.4    -46.4    -46.4    -46.4    -46.1    -46.4    -46.4    -46.4    -46.4    -46.1    -46.4    -46.4    -46.4    -46.1    -46.2    -46.4    -46.1    -46.4    -46.4    -46.1    -46.2    -46.3    -46.4    -46.2    -46.2    -46      -46.4    -46.1    -46.4    -46.4    -46.4    -46.4    -46.4    -46.2    -46      -46.4    -46.3    -46.2    -46.2    -46.4    -46      -46.2    -46.2    -46.2    -46.2    -46      -46.2    -46      -46.2    -46      -46.2    -46.2    -46.4    -46.4    -46.2    -46.2    -46.2    -46.2    -46.2    -46.2    -46.2    -46.2    -46.2   
 -46.4    -46.4    -46.4    -46.4    -46.4    -46.4    -46.1    -46.4    -46.4    -46.4    -46.4    -46.1    -46.4    -46.4    -46.4    -46.1    -46.1    -46.4    -46.1    -46.4    -46.4    -46.1    -46.1    -46.3    -46.4    -46.1    -46.1    -46      -46.4    -46.1    -46.4    -46.4    -46.4    -46.4    -46.4    -46.1    -46      -46.4    -46.3    -46.1    -46.1    -46.4    -46      -46.1    -46.1    -46.1    -46.1    -46      -46.1    -46      -46.1    -45.9    -46.1    -46.1    -46.4    -46.4    -46.1    -46.1    -46.1    -46.1    -46.1    -46.1    -46.1    -46.1    -46.1   
 -46.4    -46.4    -46.4    -46.4    -46.4    -46.4    -46.1    -46.4    -46.4    -46.4    -46.4    -46.1    -46.4    -46.4    -46.4    -46.1    -46.2    -46.4    -46.1    -46.4    -46.4    -46.1    -46.1    -46.3    -46.4    -46.1    -46.1    -46      -46.4    -46.1    -46.4    -46.4    -46.4    -46.4    -46.4    -46.1    -46      -46.4    -46.3    -46.1    -46.1    -46.4    -46      -46.1    -46.1    -46.2    -46.2    -46      -46.1    -46      -46.2    -45.9    -46.2    -46.2    -46.4    -46.4    -46.2    -46.2    -46.2    -46.2    -46.2    -46.2    -46.2    -46.2    -46.2   
 -46.4    -46.4    -46.4    -46.4    -46.4    -46.4    -46.1    -46.4    -46.4    -46.4    -46.4    -46.1    -46.4    -46.4    -46.4    -46.1    -46.2    -46.4    -46.1    -46.4    -46.4    -46.1    -46.1    -46.3    -46.4    -46.1    -46.1    -46      -46.4    -46.1    -46.4    -46.4    -46.4    -46.4    -46.4    -46.1    -46      -46.4    -46.3    -46.1    -46.1    -46.4    -46      -46.1    -46.1    -46.1    -46.2    -46      -46.1    -46      -46.1    -45.9    -46.1    -46.2    -46.4    -46.4    -46.1    -46.1    -46.1    -46.2    -46.2    -46.2    -46.2    -46.2    -46.2   
 -46.4    -46.4    -46.4    -46.4    -46.4    -46.4    -46.1    -46.4    -46.4    -46.4    -46.4    -46.1    -46.4    -46.4    -46.4    -46.1    -46.1    -46.4    -46.1    -46.4    -46.4    -46.1    -46.1    -46.3    -46.4    -46.1    -46.1    -46      -46.4    -46.1    -46.4    -46.4    -46.4    -46.4    -46.4    -46.1    -46      -46.4    -46.3    -46.1    -46.1    -46.4    -46      -46.1    -46.1    -46.1    -46.1    -46      -46.1    -46      -46.1    -45.9    -46.1    -46.1    -46.4    -46.4    -46.1    -46.1    -46.1    -46.1    -46.1    -46.1    -46.1    -46.2    -46.2   
 -46.3    -46.3    -46.3    -46.3    -46.3    -46.3    -46.1    -46.3    -46.3    -46.3    -46.2    -46.1    -46.3    -46.3    -46.3    -46.1    -46.2    -46.3    -46.1    -46.3    -46.3    -46.2    -46.2    -46.2    -46.3    -46.3    -46.2    -46.1    -46.3    -46.2    -46.3    -46.3    -46.3    -46.3    -46.3    -46.2    -46.1    -46.3    -46.2    -46.2    -46.3    -46.2    -46.1    -46.2    -46.2    -46.2    -46.2    -46.1    -46.2    -46.1    -46.2    -46      -46.2    -46.2    -46.2    -46.2    -46.2    -46.2    -46.2    -46.2    -46.2    -46.2    -46.2    -46.2    -46.2   
 -46.3    -46.3    -46.3    -46.3    -46.3    -46.3    -46.2    -46.3    -46.3    -46.3    -46.3    -46.2    -46.3    -46.3    -46.3    -46.2    -46.2    -46.3    -46.2    -46.3    -46.3    -46.2    -46.2    -46.2    -46.3    -46.3    -46.3    -46.1    -46.3    -46.2    -46.3    -46.3    -46.3    -46.3    -46.3    -46.2    -46.1    -46.3    -46.2    -46.2    -46.3    -46.3    -46.1    -46.2    -46.2    -46.2    -46.2    -46.1    -46.2    -46.1    -46.2    -46      -46.2    -46.2    -46.3    -46.3    -46.2    -46.2    -46.2    -46.2    -46.2    -46.2    -46.2    -46.2    -46.2   
 -46.4    -46.4    -46.4    -46.4    -46.4    -46.4    -46.1    -46.4    -46.4    -46.4    -46.3    -46.1    -46.4    -46.4    -46.4    -46.1    -46.1    -46.4    -46.1    -46.4    -46.4    -46.1    -46.1    -46.3    -46.4    -46.1    -46.1    -46      -46.4    -46.1    -46.4    -46.4    -46.4    -46.4    -46.4    -46.1    -46      -46.4    -46.3    -46.1    -46.1    -46.3    -46      -46.1    -46.1    -46.1    -46.1    -46      -46.1    -46      -46.1    -45.9    -46.1    -46.1    -46.3    -46.3    -46.1    -46.1    -46.1    -46.1    -46.1    -46.1    -46.1    -46.1    -46.1   
 -46.4    -46.4    -46.4    -46.4    -46.4    -46.4    -46.1    -46.4    -46.4    -46.4    -46.3    -46.1    -46.4    -46.4    -46.3    -46.1    -46.1    -46.4    -46      -46.3    -46.4    -46.1    -46.1    -46.2    -46.4    -46.1    -46.1    -46      -46.4    -46.1    -46.4    -46.4    -46.4    -46.4    -46.4    -46.1    -46      -46.4    -46.2    -46.1    -46.1    -46.3    -46      -46.1    -46.1    -46.1    -46.1    -46      -46.1    -46      -46.1    -45.9    -46.1    -46.1    -46.3    -46.3    -46.1    -46.1    -46.1    -46.1    -46.1    -46.1    -46.1    -46.1    -46.1   
 -46.3    -46.3    -46.3    -46.3    -46.3    -46.3    -46.2    -46.3    -46.3    -46.3    -46.3    -46.2    -46.3    -46.3    -46.3    -46.2    -46.2    -46.3    -46.2    -46.3    -46.3    -46.2    -46.2    -46.2    -46.3    -46.3    -46.3    -46.1    -46.3    -46.2    -46.3    -46.3    -46.3    -46.3    -46.3    -46.2    -46.1    -46.3    -46.2    -46.2    -46.3    -46.3    -46.1    -46.2    -46.2    -46.2    -46.2    -46.1    -46.2    -46.1    -46.2    -46      -46.2    -46.2    -46.3    -46.3    -46.2    -46.2    -46.2    -46.2    -46.2    -46.2    -46.2    -46.2    -46.2   
 -46.4    -46.4    -46.4    -46.4    -46.4    -46.4    -46.2    -46.4    -46.4    -46.4    -46.4    -46.2    -46.4    -46.4    -46.4    -46.2    -46.3    -46.4    -46.2    -46.4    -46.4    -46.2    -46.3    -46.3    -46.4    -46.3    -46.3    -46.2    -46.4    -46.3    -46.4    -46.4    -46.4    -46.4    -46.4    -46.3    -46.2    -46.4    -46.3    -46.3    -46.3    -46.4    -46.2    -46.3    -46.3    -46.3    -46.3    -46.2    -46.3    -46.2    -46.3    -46.1    -46.3    -46.3    -46.4    -46.4    -46.3    -46.3    -46.3    -46.3    -46.3    -46.3    -46.3    -46.3    -46.3   
 -46.3    -46.3    -46.3    -46.3    -46.3    -46.3    -46.1    -46.3    -46.3    -46.3    -46.2    -46.1    -46.2    -46.3    -46.2    -46.1    -46.1    -46.2    -46.1    -46.2    -46.2    -46.2    -46.2    -46.2    -46.3    -46.2    -46.2    -46.1    -46.3    -46.2    -46.3    -46.3    -46.3    -46.3    -46.3    -46.2    -46      -46.3    -46.2    -46.2    -46.2    -46.2    -46      -46.2    -46.2    -46.2    -46.3    -46      -46.2    -46      -46.2    -46      -46.2    -46.3    -46.2    -46.2    -46.2    -46.2    -46.2    -46.3    -46.3    -46.3    -46.3    -46.3    -46.3   
 -46.3    -46.3    -46.3    -46.3    -46.3    -46.3    -46.2    -46.3    -46.3    -46.3    -46.3    -46.2    -46.3    -46.3    -46.3    -46.2    -46.2    -46.3    -46.1    -46.3    -46.3    -46.2    -46.2    -46.2    -46.3    -46.2    -46.2    -46.1    -46.3    -46.2    -46.3    -46.3    -46.3    -46.3    -46.3    -46.2    -46.1    -46.3    -46.2    -46.2    -46.2    -46.3    -46.1    -46.2    -46.2    -46.2    -46.3    -46.1    -46.2    -46.1    -46.2    -46      -46.3    -46.3    -46.3    -46.3    -46.3    -46.3    -46.3    -46.3    -46.3    -46.3    -46.3    -46.3    -46.3   
 -46.3    -46.3    -46.3    -46.3    -46.3    -46.3    -46.2    -46.3    -46.3    -46.3    -46.3    -46.2    -46.3    -46.3    -46.3    -46.2    -46.2    -46.3    -46.2    -46.3    -46.3    -46.2    -46.2    -46.2    -46.3    -46.3    -46.3    -46.1    -46.3    -46.2    -46.3    -46.3    -46.3    -46.3    -46.3    -46.2    -46.1    -46.3    -46.2    -46.2    -46.3    -46.3    -46.1    -46.2    -46.2    -46.2    -46.2    -46.1    -46.2    -46.1    -46.2    -46      -46.2    -46.2    -46.3    -46.3    -46.2    -46.2    -46.2    -46.2    -46.2    -46.2    -46.2    -46.2    -46.2   
 -46.3    -46.3    -46.3    -46.3    -46.3    -46.3    -46.1    -46.3    -46.3    -46.3    -46.2    -46.1    -46.3    -46.3    -46.3    -46.1    -46.2    -46.3    -46.1    -46.3    -46.3    -46.2    -46.2    -46.2    -46.3    -46.2    -46.2    -46.1    -46.3    -46.2    -46.3    -46.3    -46.3    -46.3    -46.3    -46.2    -46.1    -46.3    -46.2    -46.2    -46.2    -46.2    -46.1    -46.2    -46.2    -46.2    -46.3    -46.1    -46.2    -46.1    -46.2    -46      -46.3    -46.3    -46.2    -46.2    -46.3    -46.3    -46.3    -46.3    -46.3    -46.3    -46.3    -46.3    -46.3   
 -46.3    -46.3    -46.3    -46.3    -46.3    -46.3    -46.1    -46.3    -46.3    -46.3    -46.2    -46.1    -46.3    -46.3    -46.2    -46.1    -46.1    -46.2    -46.1    -46.2    -46.2    -46.2    -46.2    -46.2    -46.3    -46.2    -46.2    -46.1    -46.3    -46.2    -46.3    -46.3    -46.3    -46.3    -46.3    -46.2    -46      -46.3    -46.2    -46.2    -46.2    -46.2    -46      -46.2    -46.2    -46.2    -46.3    -46      -46.2    -46      -46.2    -46      -46.2    -46.3    -46.2    -46.2    -46.2    -46.2    -46.2    -46.3    -46.3    -46.3    -46.3    -46.3    -46.3   
 -46.3    -46.3    -46.3    -46.3    -46.3    -46.3    -46.2    -46.3    -46.3    -46.3    -46.3    -46.2    -46.3    -46.3    -46.3    -46.2    -46.2    -46.3    -46.2    -46.3    -46.3    -46.2    -46.2    -46.2    -46.3    -46.2    -46.2    -46.1    -46.3    -46.2    -46.3    -46.3    -46.3    -46.3    -46.3    -46.2    -46.1    -46.3    -46.2    -46.2    -46.2    -46.3    -46.1    -46.2    -46.2    -46.2    -46.3    -46.1    -46.2    -46.1    -46.2    -46      -46.3    -46.3    -46.3    -46.3    -46.3    -46.3    -46.3    -46.3    -46.3    -46.3    -46.3    -46.3    -46.3   
 -46.3    -46.3    -46.3    -46.3    -46.3    -46.3    -46.2    -46.3    -46.3    -46.3    -46.3    -46.2    -46.3    -46.3    -46.3    -46.2    -46.2    -46.3    -46.2    -46.3    -46.3    -46.2    -46.2    -46.2    -46.3    -46.2    -46.2    -46.1    -46.3    -46.2    -46.3    -46.3    -46.3    -46.3    -46.3    -46.2    -46.1    -46.3    -46.2    -46.2    -46.2    -46.3    -46.1    -46.2    -46.2    -46.2    -46.3    -46.1    -46.2    -46.1    -46.2    -46      -46.3    -46.3    -46.3    -46.3    -46.3    -46.3    -46.3    -46.3    -46.3    -46.3    -46.3    -46.3    -46.3   
 -46.3    -46.3    -46.3    -46.3    -46.3    -46.3    -46.2    -46.3    -46.3    -46.3    -46.3    -46.2    -46.3    -46.3    -46.3    -46.2    -46.2    -46.3    -46.2    -46.3    -46.3    -46.2    -46.2    -46.2    -46.3    -46.2    -46.2    -46.1    -46.3    -46.2    -46.3    -46.3    -46.3    -46.3    -46.3    -46.2    -46.1    -46.3    -46.2    -46.2    -46.2    -46.3    -46.1    -46.2    -46.2    -46.2    -46.3    -46.1    -46.2    -46.1    -46.2    -46      -46.3    -46.3    -46.3    -46.3    -46.3    -46.3    -46.3    -46.3    -46.3    -46.3    -46.3    -46.3    -46.3   
 -46.3    -46.3    -46.3    -46.3    -46.3    -46.3    -46.3    -46.3    -46.3    -46.3    -46.3    -46.3    -46.3    -46.3    -46.3    -46.3    -46.2    -46.3    -46.2    -46.3    -46.3    -46.2    -46.2    -46.3    -46.3    -46.2    -46.2    -46.1    -46.3    -46.2    -46.3    -46.3    -46.3    -46.3    -46.3    -46.2    -46.1    -46.3    -46.3    -46.2    -46.2    -46.3    -46.1    -46.2    -46.2    -46.2    -46.2    -46.1    -46.2    -46.1    -46.2    -46      -46.2    -46.2    -46.3    -46.3    -46.2    -46.2    -46.2    -46.2    -46.2    -46.2    -46.2    -46.2    -46.2   
 -46.3    -46.3    -46.3    -46.3    -46.3    -46.3    -46.3    -46.3    -46.3    -46.3    -46.3    -46.3    -46.3    -46.3    -46.3    -46.3    -46.2    -46.3    -46.2    -46.3    -46.3    -46.2    -46.2    -46.3    -46.3    -46.2    -46.2    -46.1    -46.3    -46.2    -46.3    -46.3    -46.3    -46.3    -46.3    -46.2    -46.1    -46.3    -46.3    -46.2    -46.2    -46.3    -46.1    -46.2    -46.2    -46.2    -46.2    -46.1    -46.2    -46.1    -46.2    -46      -46.2    -46.2    -46.3    -46.3    -46.2    -46.2    -46.2    -46.2    -46.2    -46.2    -46.2    -46.2    -46.2   
 -46.3    -46.3    -46.3    -46.3    -46.3    -46.3    -46.2    -46.3    -46.3    -46.3    -46.3    -46.2    -46.3    -46.3    -46.3    -46.2    -46.2    -46.3    -46.2    -46.3    -46.3    -46.2    -46.3    -46.3    -46.3    -46.3    -46.3    -46.1    -46.3    -46.3    -46.3    -46.3    -46.3    -46.3    -46.3    -46.3    -46.1    -46.3    -46.3    -46.3    -46.3    -46.3    -46.1    -46.3    -46.3    -46.3    -46.3    -46.1    -46.3    -46.1    -46.3    -46      -46.3    -46.3    -46.3    -46.3    -46.3    -46.3    -46.3    -46.3    -46.3    -46.3    -46.3    -46.3    -46.3   
 -46.4    -46.4    -46.4    -46.4    -46.4    -46.4    -46.3    -46.4    -46.4    -46.4    -46.4    -46.3    -46.4    -46.4    -46.4    -46.3    -46.3    -46.4    -46.3    -46.4    -46.4    -46.3    -46.3    -46.4    -46.4    -46.3    -46.3    -46.2    -46.4    -46.3    -46.4    -46.4    -46.4    -46.4    -46.4    -46.3    -46.2    -46.4    -46.4    -46.3    -46.3    -46.4    -46.2    -46.3    -46.3    -46.3    -46.3    -46.2    -46.3    -46.2    -46.3    -46.1    -46.3    -46.3    -46.4    -46.4    -46.3    -46.3    -46.3    -46.3    -46.3    -46.3    -46.3    -46.3    -46.3   
 -46.3    -46.3    -46.3    -46.3    -46.3    -46.3    -46.1    -46.3    -46.3    -46.3    -46.2    -46.1    -46.3    -46.3    -46.3    -46.1    -46.2    -46.3    -46.1    -46.3    -46.3    -46.2    -46.2    -46.2    -46.3    -46.2    -46.2    -46.1    -46.3    -46.2    -46.3    -46.3    -46.3    -46.3    -46.3    -46.2    -46.1    -46.3    -46.2    -46.2    -46.2    -46.2    -46.1    -46.2    -46.2    -46.2    -46.3    -46.1    -46.2    -46.1    -46.2    -46      -46.3    -46.3    -46.3    -46.3    -46.3    -46.3    -46.3    -46.3    -46.3    -46.3    -46.3    -46.3    -46.3   
 -46.4    -46.4    -46.4    -46.4    -46.4    -46.4    -46.3    -46.4    -46.4    -46.4    -46.4    -46.3    -46.4    -46.4    -46.4    -46.3    -46.3    -46.4    -46.3    -46.4    -46.4    -46.3    -46.3    -46.4    -46.4    -46.3    -46.3    -46.2    -46.4    -46.3    -46.4    -46.4    -46.4    -46.4    -46.4    -46.3    -46.2    -46.4    -46.4    -46.3    -46.3    -46.4    -46.2    -46.3    -46.3    -46.3    -46.3    -46.2    -46.3    -46.2    -46.3    -46.1    -46.3    -46.3    -46.4    -46.4    -46.3    -46.3    -46.3    -46.3    -46.3    -46.3    -46.3    -46.3    -46.3   
 -46.3    -46.3    -46.3    -46.3    -46.3    -46.3    -46.1    -46.3    -46.3    -46.3    -46.2    -46.1    -46.3    -46.3    -46.2    -46.1    -46.2    -46.3    -46.1    -46.2    -46.3    -46.2    -46.2    -46.2    -46.3    -46.2    -46.2    -46.1    -46.3    -46.2    -46.3    -46.3    -46.3    -46.3    -46.3    -46.2    -46      -46.3    -46.2    -46.2    -46.2    -46.2    -46      -46.2    -46.2    -46.2    -46.3    -46      -46.2    -46      -46.2    -46      -46.2    -46.3    -46.2    -46.2    -46.3    -46.3    -46.3    -46.3    -46.3    -46.3    -46.3    -46.3    -46.3   
 -46.3    -46.3    -46.3    -46.3    -46.3    -46.3    -46.3    -46.3    -46.3    -46.3    -46.3    -46.3    -46.3    -46.3    -46.3    -46.3    -46.2    -46.3    -46.2    -46.3    -46.3    -46.2    -46.2    -46.3    -46.3    -46.2    -46.2    -46.1    -46.3    -46.2    -46.3    -46.3    -46.3    -46.3    -46.3    -46.2    -46.1    -46.3    -46.3    -46.2    -46.2    -46.3    -46.1    -46.2    -46.2    -46.2    -46.2    -46.1    -46.2    -46.1    -46.2    -46      -46.2    -46.2    -46.3    -46.3    -46.2    -46.2    -46.2    -46.2    -46.2    -46.2    -46.2    -46.3    -46.3   
 -46.4    -46.4    -46.4    -46.4    -46.4    -46.4    -46.3    -46.4    -46.4    -46.4    -46.4    -46.3    -46.4    -46.4    -46.4    -46.3    -46.3    -46.4    -46.3    -46.4    -46.4    -46.3    -46.3    -46.3    -46.4    -46.3    -46.3    -46.2    -46.4    -46.3    -46.4    -46.4    -46.4    -46.4    -46.4    -46.3    -46.2    -46.4    -46.3    -46.3    -46.3    -46.4    -46.2    -46.3    -46.3    -46.3    -46.3    -46.2    -46.3    -46.2    -46.3    -46.1    -46.3    -46.3    -46.4    -46.4    -46.3    -46.3    -46.3    -46.3    -46.3    -46.3    -46.3    -46.3    -46.3   
 -46.3    -46.3    -46.3    -46.3    -46.3    -46.3    -46.3    -46.3    -46.3    -46.3    -46.3    -46.3    -46.3    -46.3    -46.3    -46.3    -46.2    -46.3    -46.2    -46.3    -46.3    -46.2    -46.2    -46.3    -46.3    -46.2    -46.2    -46.1    -46.3    -46.2    -46.3    -46.3    -46.3    -46.3    -46.3    -46.2    -46.1    -46.3    -46.3    -46.2    -46.2    -46.3    -46.1    -46.2    -46.2    -46.2    -46.2    -46.1    -46.2    -46.1    -46.2    -46      -46.2    -46.2    -46.3    -46.3    -46.2    -46.2    -46.2    -46.2    -46.2    -46.2    -46.2    -46.3    -46.3   
 -46.3    -46.3    -46.3    -46.3    -46.3    -46.3    -46.2    -46.3    -46.3    -46.3    -46.3    -46.2    -46.3    -46.3    -46.3    -46.2    -46.2    -46.3    -46.2    -46.3    -46.3    -46.2    -46.3    -46.3    -46.3    -46.2    -46.2    -46.1    -46.3    -46.2    -46.3    -46.3    -46.3    -46.3    -46.3    -46.3    -46.1    -46.3    -46.3    -46.3    -46.2    -46.3    -46.1    -46.3    -46.3    -46.3    -46.3    -46.1    -46.3    -46.1    -46.3    -46      -46.3    -46.3    -46.3    -46.3    -46.3    -46.3    -46.3    -46.3    -46.3    -46.3    -46.3    -46.3    -46.3   
 -46.4    -46.4    -46.4    -46.4    -46.4    -46.4    -46.3    -46.4    -46.4    -46.4    -46.4    -46.3    -46.4    -46.4    -46.4    -46.3    -46.3    -46.4    -46.3    -46.4    -46.4    -46.3    -46.3    -46.4    -46.4    -46.3    -46.3    -46.2    -46.4    -46.3    -46.4    -46.4    -46.4    -46.4    -46.4    -46.3    -46.2    -46.4    -46.4    -46.3    -46.3    -46.4    -46.2    -46.3    -46.3    -46.3    -46.3    -46.2    -46.3    -46.2    -46.3    -46.2    -46.3    -46.3    -46.4    -46.4    -46.3    -46.3    -46.3    -46.3    -46.3    -46.3    -46.3    -46.3    -46.3   
 -46.4    -46.4    -46.4    -46.4    -46.4    -46.4    -46.3    -46.4    -46.4    -46.4    -46.4    -46.3    -46.4    -46.4    -46.4    -46.3    -46.3    -46.4    -46.3    -46.4    -46.4    -46.3    -46.3    -46.4    -46.4    -46.3    -46.3    -46.2    -46.4    -46.3    -46.4    -46.4    -46.4    -46.4    -46.4    -46.3    -46.2    -46.4    -46.4    -46.3    -46.3    -46.4    -46.2    -46.3    -46.3    -46.3    -46.3    -46.2    -46.3    -46.2    -46.3    -46.1    -46.3    -46.3    -46.4    -46.4    -46.3    -46.3    -46.3    -46.3    -46.3    -46.3    -46.3    -46.3    -46.3   
 -46.3    -46.3    -46.3    -46.3    -46.3    -46.3    -46.2    -46.3    -46.3    -46.3    -46.3    -46.2    -46.3    -46.3    -46.3    -46.2    -46.2    -46.3    -46.2    -46.3    -46.3    -46.2    -46.3    -46.3    -46.3    -46.3    -46.3    -46.1    -46.3    -46.3    -46.3    -46.3    -46.3    -46.3    -46.3    -46.3    -46.1    -46.3    -46.3    -46.3    -46.3    -46.3    -46.1    -46.3    -46.3    -46.3    -46.3    -46.1    -46.3    -46.1    -46.3    -46      -46.3    -46.3    -46.3    -46.3    -46.3    -46.3    -46.3    -46.3    -46.3    -46.3    -46.3    -46.3    -46.3   
 -46.3    -46.3    -46.3    -46.3    -46.3    -46.3    -46.1    -46.3    -46.3    -46.3    -46.2    -46.1    -46.3    -46.3    -46.3    -46.1    -46.2    -46.3    -46.1    -46.3    -46.3    -46.2    -46.2    -46.2    -46.3    -46.2    -46.2    -46.1    -46.3    -46.2    -46.3    -46.3    -46.3    -46.3    -46.3    -46.2    -46.1    -46.3    -46.2    -46.2    -46.2    -46.2    -46.1    -46.2    -46.2    -46.2    -46.3    -46.1    -46.2    -46.1    -46.2    -46      -46.3    -46.3    -46.3    -46.3    -46.3    -46.3    -46.3    -46.3    -46.3    -46.3    -46.3    -46.3    -46.3   
 -46.3    -46.3    -46.3    -46.3    -46.2    -46.2    -46.1    -46.2    -46.2    -46.2    -46.2    -46.1    -46.2    -46.2    -46.2    -46.1    -46.1    -46.2    -46.1    -46.2    -46.2    -46.1    -46.2    -46.2    -46.2    -46.2    -46.2    -46      -46.2    -46.2    -46.3    -46.2    -46.2    -46.2    -46.2    -46.2    -46      -46.3    -46.2    -46.2    -46.2    -46.2    -46      -46.2    -46.2    -46.2    -46.2    -46      -46.2    -46      -46.2    -46      -46.2    -46.2    -46.2    -46.2    -46.2    -46.2    -46.2    -46.2    -46.2    -46.2    -46.2    -46.2    -46.2   
 -46.4    -46.4    -46.4    -46.4    -46.4    -46.4    -46.3    -46.4    -46.4    -46.4    -46.4    -46.3    -46.4    -46.4    -46.4    -46.3    -46.3    -46.4    -46.3    -46.4    -46.4    -46.3    -46.3    -46.3    -46.4    -46.3    -46.3    -46.2    -46.4    -46.3    -46.4    -46.4    -46.4    -46.4    -46.4    -46.3    -46.2    -46.4    -46.3    -46.3    -46.3    -46.4    -46.2    -46.3    -46.3    -46.3    -46.3    -46.2    -46.3    -46.2    -46.3    -46.1    -46.3    -46.3    -46.4    -46.4    -46.3    -46.3    -46.3    -46.3    -46.3    -46.3    -46.3    -46.3    -46.3   
 -46.3    -46.3    -46.3    -46.3    -46.3    -46.3    -46.3    -46.3    -46.3    -46.3    -46.3    -46.3    -46.3    -46.3    -46.3    -46.2    -46.2    -46.3    -46.2    -46.3    -46.3    -46.2    -46.2    -46.3    -46.3    -46.2    -46.2    -46.1    -46.3    -46.2    -46.3    -46.3    -46.3    -46.3    -46.3    -46.2    -46.1    -46.3    -46.3    -46.2    -46.2    -46.3    -46.1    -46.2    -46.2    -46.2    -46.2    -46.1    -46.2    -46.1    -46.2    -46      -46.2    -46.2    -46.3    -46.3    -46.2    -46.2    -46.2    -46.2    -46.2    -46.2    -46.2    -46.2    -46.2   
 -46.4    -46.4    -46.4    -46.4    -46.4    -46.4    -46.3    -46.4    -46.4    -46.4    -46.4    -46.3    -46.4    -46.4    -46.4    -46.3    -46.3    -46.4    -46.3    -46.4    -46.4    -46.3    -46.3    -46.3    -46.4    -46.3    -46.3    -46.2    -46.4    -46.3    -46.4    -46.4    -46.4    -46.4    -46.4    -46.3    -46.2    -46.4    -46.3    -46.3    -46.3    -46.4    -46.2    -46.3    -46.3    -46.3    -46.3    -46.2    -46.3    -46.2    -46.3    -46.1    -46.3    -46.3    -46.4    -46.4    -46.3    -46.3    -46.3    -46.3    -46.3    -46.3    -46.3    -46.3    -46.3   
 -46.3    -46.3    -46.3    -46.3    -46.3    -46.3    -46.2    -46.3    -46.3    -46.3    -46.3    -46.2    -46.3    -46.3    -46.3    -46.2    -46.2    -46.3    -46.2    -46.3    -46.3    -46.2    -46.3    -46.3    -46.3    -46.3    -46.3    -46.1    -46.3    -46.3    -46.3    -46.3    -46.3    -46.3    -46.3    -46.3    -46.1    -46.3    -46.3    -46.3    -46.3    -46.3    -46.1    -46.3    -46.3    -46.3    -46.3    -46.1    -46.3    -46.1    -46.3    -46      -46.3    -46.3    -46.3    -46.3    -46.3    -46.3    -46.3    -46.3    -46.3    -46.3    -46.3    -46.3    -46.3   
 -46.4    -46.4    -46.4    -46.4    -46.4    -46.4    -46.3    -46.4    -46.4    -46.4    -46.4    -46.3    -46.4    -46.4    -46.4    -46.3    -46.3    -46.4    -46.3    -46.4    -46.4    -46.3    -46.3    -46.3    -46.4    -46.3    -46.3    -46.2    -46.4    -46.3    -46.4    -46.4    -46.4    -46.4    -46.4    -46.3    -46.2    -46.4    -46.3    -46.3    -46.3    -46.4    -46.2    -46.3    -46.3    -46.3    -46.3    -46.2    -46.3    -46.2    -46.3    -46.1    -46.3    -46.3    -46.4    -46.4    -46.3    -46.3    -46.3    -46.3    -46.3    -46.3    -46.3    -46.3    -46.3   
 -46.4    -46.4    -46.4    -46.4    -46.4    -46.4    -46.3    -46.4    -46.4    -46.4    -46.4    -46.3    -46.4    -46.4    -46.4    -46.3    -46.3    -46.4    -46.3    -46.4    -46.4    -46.3    -46.3    -46.3    -46.4    -46.3    -46.3    -46.2    -46.4    -46.3    -46.4    -46.4    -46.4    -46.4    -46.4    -46.3    -46.2    -46.4    -46.3    -46.3    -46.3    -46.4    -46.2    -46.3    -46.3    -46.3    -46.3    -46.2    -46.3    -46.2    -46.3    -46.1    -46.3    -46.3    -46.4    -46.4    -46.3    -46.3    -46.3    -46.3    -46.3    -46.3    -46.3    -46.3    -46.3   
 -46.4    -46.4    -46.4    -46.4    -46.4    -46.4    -46.2    -46.4    -46.4    -46.4    -46.3    -46.2    -46.3    -46.4    -46.3    -46.2    -46.2    -46.3    -46.2    -46.3    -46.3    -46.3    -46.3    -46.3    -46.4    -46.3    -46.3    -46.2    -46.4    -46.3    -46.4    -46.4    -46.4    -46.4    -46.4    -46.3    -46.1    -46.4    -46.3    -46.3    -46.3    -46.3    -46.1    -46.3    -46.3    -46.3    -46.3    -46.1    -46.3    -46.1    -46.3    -46.1    -46.3    -46.3    -46.3    -46.3    -46.3    -46.3    -46.3    -46.3    -46.3    -46.3    -46.3    -46.3    -46.3   
 -46.3    -46.3    -46.3    -46.3    -46.3    -46.3    -46.2    -46.3    -46.3    -46.3    -46.3    -46.2    -46.3    -46.3    -46.3    -46.2    -46.2    -46.3    -46.2    -46.3    -46.3    -46.2    -46.3    -46.3    -46.3    -46.3    -46.3    -46.1    -46.3    -46.3    -46.3    -46.3    -46.3    -46.3    -46.3    -46.3    -46.1    -46.3    -46.3    -46.3    -46.3    -46.3    -46.1    -46.3    -46.3    -46.3    -46.3    -46.1    -46.3    -46.1    -46.3    -46      -46.3    -46.3    -46.3    -46.3    -46.3    -46.3    -46.3    -46.3    -46.3    -46.3    -46.3    -46.3    -46.3   
 -46.4    -46.4    -46.4    -46.4    -46.4    -46.4    -46      -46.4    -46.4    -46.4    -46.3    -46      -46.3    -46.4    -46.3    -46      -46.1    -46.3    -46      -46.3    -46.3    -46      -46.1    -46.2    -46.4    -46.1    -46.1    -46      -46.4    -46.1    -46.4    -46.4    -46.4    -46.4    -46.4    -46.1    -46      -46.4    -46.2    -46.1    -46.1    -46.3    -46      -46.1    -46.1    -46.1    -46.1    -46      -46.1    -46      -46.1    -45.9    -46.1    -46.1    -46.3    -46.3    -46.1    -46.1    -46.1    -46.1    -46.1    -46.1    -46.1    -46.1    -46.1   
 -46.4    -46.4    -46.4    -46.4    -46.4    -46.4    -46      -46.4    -46.4    -46.4    -46.3    -46      -46.3    -46.4    -46.3    -46      -46.1    -46.3    -46      -46.3    -46.3    -46      -46.1    -46.2    -46.4    -46.1    -46.1    -46      -46.4    -46.1    -46.4    -46.4    -46.4    -46.4    -46.4    -46.1    -45.9    -46.4    -46.2    -46.1    -46.1    -46.3    -45.9    -46.1    -46.1    -46.1    -46.1    -45.9    -46.1    -45.9    -46.1    -45.9    -46.1    -46.1    -46.3    -46.3    -46.1    -46.1    -46.1    -46.1    -46.1    -46.1    -46.1    -46.1    -46.1   
 -46.4    -46.4    -46.4    -46.4    -46.4    -46.4    -46.3    -46.4    -46.4    -46.4    -46.4    -46.3    -46.4    -46.4    -46.4    -46.3    -46.3    -46.4    -46.3    -46.4    -46.4    -46.3    -46.3    -46.4    -46.4    -46.3    -46.3    -46.2    -46.4    -46.3    -46.4    -46.4    -46.4    -46.4    -46.4    -46.3    -46.2    -46.4    -46.4    -46.3    -46.3    -46.4    -46.2    -46.3    -46.3    -46.3    -46.3    -46.2    -46.3    -46.2    -46.3    -46.1    -46.3    -46.3    -46.4    -46.4    -46.3    -46.3    -46.3    -46.3    -46.3    -46.3    -46.3    -46.3    -46.3   
 -46.3    -46.3    -46.3    -46.3    -46.3    -46.3    -46.2    -46.3    -46.3    -46.3    -46.3    -46.2    -46.3    -46.3    -46.3    -46.2    -46.2    -46.3    -46.2    -46.3    -46.3    -46.2    -46.3    -46.3    -46.3    -46.3    -46.3    -46.1    -46.3    -46.3    -46.3    -46.3    -46.3    -46.3    -46.3    -46.3    -46.1    -46.3    -46.3    -46.3    -46.3    -46.3    -46.1    -46.3    -46.3    -46.3    -46.3    -46.1    -46.3    -46.1    -46.3    -46      -46.3    -46.3    -46.3    -46.3    -46.3    -46.3    -46.3    -46.3    -46.3    -46.3    -46.3    -46.3    -46.3   
 -46.4    -46.4    -46.4    -46.4    -46.4    -46.4    -46.3    -46.4    -46.4    -46.4    -46.4    -46.3    -46.4    -46.4    -46.4    -46.3    -46.3    -46.4    -46.3    -46.4    -46.4    -46.3    -46.3    -46.4    -46.4    -46.3    -46.3    -46.2    -46.4    -46.3    -46.4    -46.4    -46.4    -46.4    -46.4    -46.3    -46.2    -46.4    -46.4    -46.3    -46.3    -46.4    -46.2    -46.3    -46.3    -46.3    -46.3    -46.2    -46.3    -46.2    -46.3    -46.1    -46.3    -46.3    -46.4    -46.4    -46.3    -46.3    -46.3    -46.3    -46.3    -46.3    -46.3    -46.3    -46.3   
 -46.3    -46.3    -46.3    -46.3    -46.3    -46.3    -46.2    -46.3    -46.3    -46.3    -46.3    -46.2    -46.3    -46.3    -46.3    -46.2    -46.2    -46.3    -46.2    -46.3    -46.3    -46.2    -46.3    -46.3    -46.3    -46.3    -46.3    -46.1    -46.3    -46.3    -46.3    -46.3    -46.3    -46.3    -46.3    -46.3    -46.1    -46.3    -46.3    -46.3    -46.3    -46.3    -46.1    -46.3    -46.3    -46.3    -46.3    -46.1    -46.3    -46.1    -46.3    -46      -46.3    -46.3    -46.3    -46.3    -46.3    -46.3    -46.3    -46.3    -46.3    -46.3    -46.3    -46.3    -46.3   
 -46.4    -46.4    -46.4    -46.4    -46.4    -46.4    -46.3    -46.4    -46.4    -46.4    -46.4    -46.3    -46.4    -46.4    -46.4    -46.3    -46.3    -46.4    -46.3    -46.4    -46.4    -46.3    -46.3    -46.3    -46.4    -46.3    -46.3    -46.2    -46.4    -46.3    -46.4    -46.4    -46.4    -46.4    -46.4    -46.3    -46.2    -46.4    -46.3    -46.3    -46.3    -46.4    -46.2    -46.3    -46.3    -46.3    -46.3    -46.2    -46.3    -46.2    -46.3    -46.1    -46.3    -46.3    -46.4    -46.4    -46.3    -46.3    -46.3    -46.3    -46.3    -46.3    -46.3    -46.3    -46.3   
 -46.3    -46.3    -46.3    -46.3    -46.3    -46.3    -46.1    -46.3    -46.3    -46.3    -46.2    -46.1    -46.3    -46.3    -46.3    -46.1    -46.2    -46.3    -46.1    -46.3    -46.3    -46.2    -46.3    -46.2    -46.3    -46.2    -46.2    -46.1    -46.3    -46.2    -46.3    -46.3    -46.3    -46.3    -46.3    -46.3    -46.1    -46.3    -46.2    -46.3    -46.2    -46.2    -46.1    -46.3    -46.3    -46.3    -46.2    -46.1    -46.3    -46.1    -46.3    -46      -46.2    -46.2    -46.2    -46.2    -46.2    -46.2    -46.2    -46.2    -46.2    -46.2    -46.2    -46.2    -46.2   
 -46.3    -46.3    -46.3    -46.3    -46.3    -46.3    -46.1    -46.3    -46.3    -46.3    -46.2    -46.1    -46.3    -46.3    -46.3    -46.1    -46.2    -46.3    -46.1    -46.3    -46.3    -46.2    -46.3    -46.2    -46.3    -46.2    -46.2    -46.1    -46.3    -46.2    -46.3    -46.3    -46.3    -46.3    -46.3    -46.3    -46.1    -46.3    -46.2    -46.3    -46.2    -46.2    -46.1    -46.3    -46.3    -46.3    -46.2    -46.1    -46.3    -46.1    -46.3    -46      -46.2    -46.2    -46.2    -46.2    -46.2    -46.2    -46.2    -46.2    -46.2    -46.2    -46.2    -46.2    -46.2   
 -46.4    -46.4    -46.4    -46.4    -46.4    -46.4    -46      -46.4    -46.4    -46.4    -46.3    -46      -46.3    -46.4    -46.3    -46      -46.1    -46.3    -46      -46.3    -46.3    -46      -46.1    -46.2    -46.4    -46.1    -46.1    -46      -46.4    -46.1    -46.4    -46.4    -46.4    -46.4    -46.4    -46.1    -45.9    -46.4    -46.2    -46.1    -46.1    -46.3    -45.9    -46.1    -46.1    -46.1    -46.1    -45.9    -46.1    -45.9    -46.1    -45.9    -46.1    -46.1    -46.3    -46.3    -46.1    -46.1    -46.1    -46.1    -46.1    -46.1    -46.1    -46.1    -46.1   
 -46.4    -46.4    -46.4    -46.4    -46.4    -46.4    -46.3    -46.4    -46.4    -46.4    -46.4    -46.3    -46.4    -46.4    -46.4    -46.3    -46.3    -46.4    -46.3    -46.4    -46.4    -46.3    -46.3    -46.3    -46.4    -46.3    -46.3    -46.2    -46.4    -46.3    -46.4    -46.4    -46.4    -46.4    -46.4    -46.3    -46.2    -46.4    -46.3    -46.3    -46.3    -46.4    -46.2    -46.3    -46.3    -46.3    -46.3    -46.2    -46.3    -46.2    -46.3    -46.1    -46.3    -46.3    -46.4    -46.4    -46.3    -46.3    -46.3    -46.3    -46.3    -46.3    -46.3    -46.3    -46.3   
 -46.4    -46.4    -46.4    -46.4    -46.4    -46.4    -46      -46.4    -46.4    -46.4    -46.3    -46      -46.3    -46.4    -46.3    -46      -46.1    -46.3    -46      -46.3    -46.3    -46      -46.1    -46.2    -46.4    -46.1    -46.1    -46      -46.4    -46.1    -46.4    -46.4    -46.4    -46.4    -46.4    -46.1    -45.9    -46.4    -46.2    -46.1    -46.1    -46.3    -45.9    -46.1    -46.1    -46.1    -46.1    -45.9    -46.1    -45.9    -46.1    -45.9    -46.1    -46.1    -46.3    -46.3    -46.1    -46.1    -46.1    -46.1    -46.1    -46.1    -46.1    -46.1    -46.1   
 -46.4    -46.4    -46.4    -46.4    -46.4    -46.4    -46      -46.4    -46.4    -46.4    -46.3    -46      -46.3    -46.4    -46.3    -46      -46.1    -46.3    -46      -46.3    -46.3    -46      -46.1    -46.2    -46.4    -46.1    -46.1    -45.9    -46.3    -46      -46.4    -46.4    -46.3    -46.4    -46.3    -46.1    -45.9    -46.4    -46.2    -46.1    -46.1    -46.3    -45.9    -46.1    -46.1    -46.1    -46.1    -45.9    -46.1    -45.9    -46.1    -45.9    -46.1    -46.1    -46.3    -46.3    -46.1    -46.1    -46.1    -46.1    -46.1    -46.1    -46.1    -46.1    -46.1   
 -46.3    -46.3    -46.3    -46.3    -46.3    -46.3    -46.2    -46.3    -46.3    -46.3    -46.3    -46.2    -46.3    -46.3    -46.3    -46.2    -46.2    -46.3    -46.1    -46.3    -46.3    -46.2    -46.3    -46.2    -46.3    -46.2    -46.2    -46.1    -46.3    -46.2    -46.3    -46.3    -46.3    -46.3    -46.3    -46.3    -46.1    -46.3    -46.2    -46.3    -46.2    -46.3    -46.1    -46.3    -46.3    -46.3    -46.2    -46.1    -46.3    -46.1    -46.3    -46      -46.2    -46.2    -46.3    -46.3    -46.2    -46.2    -46.2    -46.2    -46.2    -46.2    -46.2    -46.2    -46.2   
 -46.3    -46.3    -46.3    -46.3    -46.3    -46.3    -46.2    -46.3    -46.3    -46.3    -46.3    -46.2    -46.3    -46.3    -46.3    -46.2    -46.2    -46.3    -46.2    -46.3    -46.3    -46.2    -46.3    -46.2    -46.3    -46.2    -46.2    -46.1    -46.3    -46.2    -46.3    -46.3    -46.3    -46.3    -46.3    -46.3    -46.1    -46.3    -46.2    -46.3    -46.2    -46.3    -46.1    -46.3    -46.3    -46.3    -46.3    -46.1    -46.3    -46.1    -46.3    -46      -46.3    -46.3    -46.3    -46.3    -46.3    -46.3    -46.3    -46.3    -46.3    -46.3    -46.3    -46.3    -46.3   
 -46.4    -46.4    -46.4    -46.4    -46.4    -46.4    -46.2    -46.4    -46.4    -46.4    -46.3    -46.2    -46.4    -46.4    -46.3    -46.2    -46.3    -46.4    -46.2    -46.3    -46.4    -46.3    -46.3    -46.3    -46.4    -46.3    -46.3    -46.2    -46.4    -46.3    -46.4    -46.4    -46.4    -46.4    -46.4    -46.3    -46.1    -46.4    -46.3    -46.3    -46.3    -46.3    -46.1    -46.3    -46.3    -46.3    -46.3    -46.1    -46.3    -46.1    -46.3    -46.1    -46.3    -46.3    -46.3    -46.3    -46.3    -46.3    -46.3    -46.3    -46.3    -46.3    -46.3    -46.3    -46.3   
 -46.3    -46.3    -46.3    -46.3    -46.3    -46.3    -46.2    -46.3    -46.3    -46.3    -46.3    -46.2    -46.3    -46.3    -46.3    -46.2    -46.2    -46.3    -46.1    -46.3    -46.3    -46.2    -46.3    -46.2    -46.3    -46.2    -46.2    -46.1    -46.3    -46.2    -46.3    -46.3    -46.3    -46.3    -46.3    -46.3    -46.1    -46.3    -46.2    -46.3    -46.2    -46.3    -46.1    -46.3    -46.3    -46.3    -46.2    -46.1    -46.3    -46.1    -46.3    -46      -46.2    -46.2    -46.3    -46.3    -46.2    -46.2    -46.2    -46.2    -46.2    -46.2    -46.2    -46.2    -46.2   
 -46.3    -46.3    -46.3    -46.3    -46.3    -46.3    -46.2    -46.3    -46.3    -46.3    -46.3    -46.2    -46.3    -46.3    -46.3    -46.2    -46.2    -46.3    -46.2    -46.3    -46.3    -46.2    -46.3    -46.2    -46.3    -46.2    -46.2    -46.1    -46.3    -46.2    -46.3    -46.3    -46.3    -46.3    -46.3    -46.3    -46.1    -46.3    -46.2    -46.3    -46.2    -46.3    -46.1    -46.3    -46.3    -46.3    -46.3    -46.1    -46.3    -46.1    -46.3    -46      -46.3    -46.3    -46.3    -46.3    -46.3    -46.3    -46.3    -46.3    -46.3    -46.3    -46.3    -46.3    -46.3   
 -46.3    -46.3    -46.3    -46.3    -46.3    -46.3    -46.2    -46.3    -46.3    -46.3    -46.3    -46.2    -46.3    -46.3    -46.3    -46.2    -46.2    -46.3    -46.2    -46.3    -46.3    -46.2    -46.3    -46.3    -46.3    -46.3    -46.3    -46.1    -46.3    -46.3    -46.3    -46.3    -46.3    -46.3    -46.3    -46.3    -46.1    -46.3    -46.3    -46.3    -46.3    -46.3    -46.1    -46.3    -46.3    -46.3    -46.3    -46.1    -46.3    -46.1    -46.3    -46      -46.3    -46.3    -46.3    -46.3    -46.3    -46.3    -46.3    -46.3    -46.3    -46.3    -46.3    -46.3    -46.3   
 -46.3    -46.3    -46.3    -46.3    -46.3    -46.3    -46.2    -46.3    -46.3    -46.3    -46.3    -46.2    -46.3    -46.3    -46.3    -46.2    -46.2    -46.3    -46.2    -46.3    -46.3    -46.2    -46.3    -46.3    -46.3    -46.3    -46.3    -46.1    -46.3    -46.2    -46.3    -46.3    -46.3    -46.3    -46.3    -46.3    -46.1    -46.3    -46.3    -46.3    -46.3    -46.3    -46.1    -46.3    -46.3    -46.3    -46.3    -46.1    -46.3    -46.1    -46.3    -46      -46.3    -46.3    -46.3    -46.3    -46.3    -46.3    -46.3    -46.3    -46.3    -46.3    -46.3    -46.3    -46.3   
 -46.3    -46.3    -46.3    -46.3    -46.3    -46.3    -46.2    -46.3    -46.3    -46.3    -46.3    -46.2    -46.3    -46.3    -46.3    -46.2    -46.2    -46.3    -46.2    -46.3    -46.3    -46.2    -46.3    -46.2    -46.3    -46.2    -46.2    -46.1    -46.3    -46.2    -46.3    -46.3    -46.3    -46.3    -46.3    -46.3    -46.1    -46.3    -46.2    -46.3    -46.2    -46.3    -46.1    -46.3    -46.3    -46.3    -46.3    -46.1    -46.3    -46.1    -46.3    -46      -46.3    -46.3    -46.3    -46.3    -46.3    -46.3    -46.3    -46.3    -46.3    -46.3    -46.3    -46.3    -46.3   
 -46.3    -46.3    -46.3    -46.3    -46.3    -46.3    -46.2    -46.3    -46.3    -46.3    -46.3    -46.2    -46.3    -46.3    -46.3    -46.2    -46.2    -46.3    -46.2    -46.3    -46.3    -46.2    -46.3    -46.3    -46.3    -46.2    -46.2    -46.1    -46.3    -46.2    -46.3    -46.3    -46.3    -46.3    -46.3    -46.3    -46.1    -46.3    -46.3    -46.3    -46.2    -46.3    -46.1    -46.3    -46.3    -46.3    -46.3    -46.1    -46.3    -46.1    -46.3    -46      -46.3    -46.3    -46.3    -46.3    -46.3    -46.3    -46.3    -46.3    -46.3    -46.3    -46.3    -46.3    -46.3   
